Models/Netlogo/netlogo6/data/nld.asc
ncols         120
nrows         96
xllcorner     3
yllcorner     50
cellsize      0.0416666666667
NODATA_value  -9999
[rows 30 to 59 of 96, columns 0 to 68 of 120]
-9999 -9999 -9999 -9999 -9999 -9999 -9999 -9999 -9999 -9999 -9999 -9999 -9999 -9999 -9999 -9999 -9999 -9999 -9999 -9999 -9999 -9999 -9999 -9999 -9999 -9999 -9999 -9999 -9999 -9999 -9999 -9999 -9999 -9999 -9999 -9999 -9999 -9999 -9999 148.3613 153.5862 264.0747 395.8044 408.8122 453.032 209.9956 250.6961 255.1036 211.6497 220.151 330.656 324.7398 349.6985 490.1314 934.1689 1060.801 -9999 -9999 -9999 -9999 -9999 -9999 90.74281 90.74281 90.74281 90.74281 90.74281 90.74281 90.74281
-9999 -9999 -9999 -9999 -9999 -9999 -9999 -9999 -9999 -9999 -9999 -9999 -9999 -9999 -9999 -9999 -9999 -9999 -9999 -9999 -9999 -9999 -9999 -9999 -9999 -9999 -9999 -9999 -9999 -9999 -9999 -9999 -9999 -9999 -9999 -9999 -9999 -9999 -9999 149.2542 149.2542 324.7566 1233.772 951.5199 1111.739 504.8368 265.0965 278.2257 374.1077 821.6613 618.7204 389.3414 580.4058 867.9583 1030.439 943.215 -9999 -9999 -9999 -9999 -9999 -9999 559.3511 357.7108 90.74281 90.74281 90.74281 90.74281 90.74281
-9999 -9999 -9999 -9999 -9999 -9999 -9999 -9999 -9999 -9999 -9999 -9999 -9999 -9999 -9999 -9999 -9999 -9999 -9999 -9999 -9999 -9999 -9999 -9999 -9999 -9999 -9999 -9999 -9999 -9999 -9999 -9999 -9999 -9999 -9999 -9999 -9999 -9999 -9999 149.2542 149.2548 2200.081 2558.866 932.0809 658.2457 267.4907 227.5172 215.3817 897.196 3286.751 1878.934 238.8163 210.8473 210.8473 -9999 -9999 -9999 -9999 -9999 -9999 -9999 -9999 1371.051 454.8415 90.74281 90.74281 90.74281 90.74281 90.74281
-9999 -9999 -9999 -9999 -9999 -9999 -9999 -9999 -9999 -9999 -9999 -9999 -9999 -9999 -9999 -9999 -9999 -9999 -9999 -9999 -9999 -9999 -9999 -9999 -9999 -9999 -9999 -9999 -9999 -9999 -9999 -9999 -9999 -9999 -9999 -9999 -9999 -9999 149.2542 164.1566 856.3734 1688.959 1013.91 77.34211 77.34211 119.9459 156.8186 190.6685 168.6213 -9999 -9999 210.8473 -9999 -9999 -9999 -9999 -9999 -9999 -9999 -9999 -9999 196.3866 91.19742 91.14378 91.04876 91.02295 123.7071 189.8947 208.5335
-9999 -9999 -9999 -9999 -9999 -9999 -9999 -9999 -9999 -9999 -9999 -9999 -9999 -9999 -9999 -9999 -9999 -9999 -9999 -9999 -9999 -9999 -9999 -9999 -9999 -9999 -9999 -9999 -9999 -9999 -9999 -9999 -9999 -9999 -9999 -9999 -9999 -9999 740.658 765.6984 763.5974 460.4978 184.0829 243.0205 173.67 117.8302 118.6649 127.2508 139.9477 139.9477 -9999 -9999 -9999 -9999 -9999 -9999 -9999 -9999 242.7671 242.7671 242.7671 240.543 101.786 91.19742 91.19742 91.19742 94.60168 119.6229 225.8282
-9999 -9999 -9999 -9999 -9999 -9999 -9999 -9999 -9999 -9999 -9999 -9999 -9999 -9999 -9999 -9999 -9999 -9999 -9999 -9999 -9999 -9999 -9999 -9999 -9999 -9999 -9999 -9999 -9999 -9999 -9999 -9999 -9999 -9999 -9999 -9999 -9999 -9999 1256.749 1220.558 1000.222 555.7971 999.1692 342.7957 256.969 213.8851 325.5312 574.6006 754.6476 1042.864 1488.924 -9999 -9999 -9999 -9999 -9999 -9999 242.7671 242.7671 242.7671 242.7671 242.7671 114.6152 91.19743 91.19743 91.19743 91.19743 91.19743 144.4547
-9999 -9999 -9999 -9999 -9999 -9999 -9999 -9999 -9999 -9999 -9999 -9999 -9999 -9999 -9999 -9999 -9999 -9999 -9999 -9999 -9999 -9999 -9999 -9999 -9999 -9999 -9999 -9999 -9999 -9999 -9999 -9999 -9999 -9999 -9999 -9999 -9999 1549.301 1680.248 1763.256 1777.065 1631.814 1711.592 1248.434 590.7673 522.3961 862.9536 887.8661 1048.89 1108.022 891.1805 886.9108 -9999 -9999 -9999 242.7671 242.7671 242.7671 242.7671 242.7671 242.7671 224.9634 119.7104 91.19742 91.19742 91.19742 91.19742 108.9249 213.6523
-9999 -9999 -9999 -9999 -9999 -9999 -9999 -9999 -9999 -9999 -9999 -9999 -9999 -9999 -9999 -9999 -9999 -9999 -9999 -9999 -9999 -9999 -9999 -9999 -9999 -9999 -9999 -9999 -9999 -9999 -9999 -9999 -9999 -9999 -9999 -9999 -9999 896.6409 1215.03 1940.341 1620.731 1604.03 2249.152 2023.318 1499.953 1269.411 1005.963 1427.605 1150.241 888.7595 886.9108 -9999 965.2628 965.2628 515.245 245.4938 242.7671 225.7269 161.0402 227.8173 242.7671 221.9086 92.11909 91.19743 91.19743 91.19743 101.1893 241.6336 330.1702
-9999 -9999 -9999 -9999 -9999 -9999 -9999 -9999 -9999 -9999 -9999 -9999 -9999 -9999 -9999 -9999 -9999 -9999 -9999 -9999 -9999 -9999 -9999 -9999 -9999 -9999 -9999 -9999 -9999 -9999 -9999 -9999 -9999 -9999 -9999 -9999 509.2333 483.4392 1235.087 4449.787 1474.305 1037.25 3553.789 3965.627 3965.539 3965.627 3796.648 3965.627 3961.079 3731.439 -9999 965.2627 965.2628 965.2627 965.2627 698.8569 179.383 70.50773 65.07603 78.3875 169.0125 133.2808 74.8637 91.19743 112.6316 146.6432 233.3817 268.2798 329.3148
-9999 -9999 -9999 -9999 -9999 -9999 -9999 -9999 -9999 -9999 -9999 -9999 -9999 -9999 -9999 -9999 -9999 -9999 -9999 -9999 -9999 -9999 -9999 -9999 -9999 -9999 -9999 -9999 -9999 -9999 -9999 -9999 -9999 -9999 -9999 -9999 509.2333 490.6847 2109.823 3591.319 1039.954 608.7953 2377.075 3895.74 3965.627 3965.627 3735.183 2872.292 1908.759 366.1226 366.1226 965.2627 965.2627 965.2627 965.2627 834.0231 191.9347 65.07603 65.07603 65.07603 65.07603 172.3689 607.7548 718.5629 680.1531 213.1845 204.8499 204.8499 227.6958
-9999 -9999 -9999 -9999 -9999 -9999 -9999 -9999 -9999 -9999 -9999 -9999 -9999 -9999 -9999 -9999 -9999 -9999 -9999 -9999 -9999 -9999 -9999 -9999 -9999 -9999 -9999 -9999 -9999 -9999 -9999 -9999 -9999 -9999 -9999 726.204 653.61 884.4164 1411.409 608.7953 608.7953 608.7953 608.7953 1151.528 2211.824 1994.975 2020.873 3595.667 1506.151 679.7322 509.3612 617.5067 732.0655 1275.115 1468.227 829.7369 471.5948 69.89634 65.07603 65.07603 65.07603 262.674 460.7524 509.2575 556.8241 283.0816 204.9105 204.8499 208.5944
-9999 -9999 -9999 -9999 -9999 -9999 -9999 -9999 -9999 -9999 -9999 -9999 -9999 -9999 -9999 -9999 -9999 -9999 -9999 -9999 -9999 -9999 -9999 -9999 -9999 -9999 -9999 -9999 -9999 -9999 -9999 -9999 -9999 -9999 729.1153 696.4281 889.8894 1281.35 665.0199 608.7953 608.7963 628.8367 689.9501 1467.538 1823.139 665.2694 595.2136 769.0492 341.9138 449.9598 596.5057 2089.977 2043.474 1071.012 444.1084 380.9716 397.698 128.2509 122.0689 162.9045 166.9005 268.7531 279.6148 291.1581 309.9089 308.6763 321.0364 330.777 290.3324
-9999 -9999 -9999 -9999 -9999 -9999 -9999 -9999 -9999 -9999 -9999 -9999 -9999 -9999 -9999 -9999 -9999 -9999 -9999 -9999 -9999 -9999 -9999 -9999 -9999 -9999 -9999 -9999 -9999 -9999 -9999 -9999 -9999 2309.177 905.422 997.5704 1441.422 840.8758 585.2502 525.778 446.6373 685.5986 841.4205 889.2078 605.7591 408.4242 401.1646 332.1433 305.3113 317.5532 321.1087 1332.949 1701.226 774.6115 444.8229 569.0196 642.6556 695.1462 550.1652 472.8223 371.9336 264.0056 263.2514 264.7859 277.7888 343.6313 452.9695 455.7574 455.7574
-9999 -9999 -9999 -9999 -9999 -9999 -9999 -9999 -9999 -9999 -9999 -9999 -9999 -9999 -9999 -9999 -9999 -9999 -9999 -9999 -9999 -9999 -9999 -9999 -9999 -9999 -9999 -9999 -9999 -9999 -9999 -9999 512.6751 2407.269 2218.4 2825.844 1511.282 462.167 428.3026 323.4982 323.7048 384.6171 256.0305 270.7023 361.3507 408.4673 373.0917 304.0128 301.2913 349.8028 515.8818 1128.354 1388.24 784.6607 858.7252 1159.816 1893.162 1978.604 1339.672 472.8799 385.4357 397.6212 330.3351 286.7535 273.9954 287.0559 331.1699 412.0666 455.7574
-9999 -9999 -9999 -9999 -9999 -9999 -9999 -9999 -9999 -9999 -9999 -9999 -9999 -9999 -9999 -9999 -9999 -9999 -9999 -9999 -9999 -9999 -9999 -9999 -9999 -9999 -9999 -9999 -9999 -9999 -9999 674.7652 512.6751 514.1465 1895.904 4514.97 2372.802 1079.558 380.7065 1108.405 1100.976 1021.878 376.1063 343.0327 364.7864 470.6884 355.9668 649.1019 1119.71 1397.555 1268.966 638.7249 638.6451 962.5646 1002.622 979.8965 1696.004 1583.465 805.7387 714.9531 286.7305 273.9954 275.0027 280.8436 285.7885 297.0765 303.8417 343.0486 399.2829
-9999 -9999 -9999 -9999 -9999 -9999 -9999 -9999 -9999 -9999 -9999 -9999 -9999 -9999 -9999 -9999 -9999 -9999 -9999 -9999 -9999 -9999 -9999 -9999 -9999 -9999 -9999 -9999 -9999 6623.758 6623.758 5564.088 2876.081 1013.871 1362.169 984.2575 602.4136 338.8861 338.791 912.3204 1125.117 898.1905 476.5547 509.7195 503.2278 503.2278 503.2278 1347.241 2494.582 2583.374 2591.395 2075.769 912.3614 1111.484 1220.341 956.3607 463.9827 444.3156 411.6423 475.0583 435.5417 297.5557 323.0973 323.7557 323.7557 323.7557 323.7557 323.7557 327.0937
-9999 -9999 -9999 -9999 -9999 -9999 -9999 -9999 -9999 -9999 -9999 -9999 -9999 -9999 -9999 -9999 -9999 -9999 -9999 -9999 -9999 -9999 -9999 -9999 -9999 -9999 -9999 -9999 3908.711 6623.758 6623.549 5868.071 4142.654 1365.734 1959.799 2947.142 2668.885 629.5868 543.0958 883.4855 546.3364 355.8423 368.9572 374.1415 342.0755 372.8566 381.1665 497.1163 2039.712 2571.673 2556.981 1714.727 646.7878 817.4851 832.3768 709.0241 304.1664 249.1231 276.7447 368.5732 270.0505 596.3969 323.7557 323.7557 323.7557 323.7557 323.7557 323.9745 533.5857
-9999 -9999 -9999 -9999 -9999 -9999 -9999 -9999 -9999 -9999 -9999 -9999 -9999 -9999 -9999 -9999 -9999 -9999 -9999 -9999 -9999 -9999 -9999 -9999 -9999 -9999 -9999 1205.786 1387.701 2367.076 3066.521 2400.469 3289.179 1441.939 735.2107 1228.781 672.0595 379.5963 510.3413 837.9049 3081.667 2416.823 337.8016 222.435 236.2639 240.9529 289.6564 427.271 854.6071 1951.605 2355.966 604.9805 543.4861 418.7567 543.4301 504.7197 450.6247 285.489 245.3383 243.5805 1296.747 2886.984 541.4818 323.7557 323.7557 375.1093 513.9767 882.4633 1380.518
-9999 -9999 -9999 -9999 -9999 -9999 -9999 -9999 -9999 -9999 -9999 -9999 -9999 -9999 -9999 -9999 -9999 -9999 -9999 -9999 -9999 -9999 -9999 -9999 2443.074 2443.074 2443.074 2038.478 1363.423 1149.19 710.4191 379.315 2857.502 2410.906 1268.668 1456.916 1070.358 1510.517 1342.498 678.1198 485.8503 212.7385 175.365 238.5713 275.0218 171.9977 172.6141 174.125 175.8028 454.1823 462.0049 506.3239 585.4746 642.9619 491.9416 457.5147 404.1096 298.1295 204.2469 219.4094 332.7886 432.5336 493.4073 940.5798 925.1932 701.2136 659.0518 610.7998 1036.206
-9999 -9999 -9999 -9999 -9999 -9999 -9999 -9999 -9999 -9999 -9999 -9999 -9999 -9999 -9999 -9999 -9999 -9999 -9999 -9999 -9999 -9999 -9999 -9999 2229.447 1617.603 1483.095 1757.364 2298.781 1971.957 984.6347 1358.865 2823.001 3354.805 2444.544 2443.074 2451.748 3313.237 3033.458 535.8367 316.7916 298.0459 231.6441 281.5211 807.119 206.9772 198.4505 181.7276 181.7276 241.3615 496.9979 510.4731 715.1979 695.1239 230.3848 187.0111 177.5501 177.3538 197.0305 180.248 189.8669 404.1383 546.6122 607.418 343.3687 345.9149 345.9149 372.9697 720.7463
-9999 -9999 -9999 -9999 -9999 -9999 -9999 -9999 -9999 -9999 -9999 -9999 -9999 -9999 -9999 -9999 -9999 -9999 -9999 -9999 -9999 -9999 -9999 -9999 258.3307 258.3307 258.3307 438.1378 751.7135 1890.198 2644.387 2624.531 2670.626 3022.066 2443.074 2443.074 2467.005 2664.215 1725.593 817.5098 623.6182 444.1433 193.3522 164.5728 170.1868 165.2718 213.1608 207.3155 219.9732 486.996 467.6464 255.6258 243.9361 243.9361 240.2417 205.4639 297.0965 770.0157 987.4388 221.6967 212.2192 280.3707 319.1151 324.7993 365.8304 404.9489 367.8345 357.8636 1290.783
-9999 -9999 -9999 -9999 -9999 -9999 -9999 -9999 -9999 -9999 -9999 -9999 -9999 -9999 -9999 -9999 -9999 -9999 -9999 -9999 -9999 -9999 149.6653 149.6653 149.6653 445.9929 783.5275 1180.774 701.3126 323.411 865.0422 2340.875 2446.817 1507.037 1093.768 1297.904 1495.753 1459.771 1856.623 1825.12 1368.431 706.3056 574.7502 532.6472 308.3058 268.4358 715.3858 947.7911 488.1297 258.4075 198.205 208.7235 212.3331 199.7604 196.13 223.7538 540.1315 639.488 282.7039 215.67 215.67 253.5712 393.6208 496.8257 546.7172 548.4026 801.509 1643.694 2674.229
-9999 -9999 -9999 -9999 -9999 -9999 -9999 -9999 -9999 -9999 -9999 -9999 -9999 -9999 -9999 -9999 -9999 -9999 -9999 -9999 149.6653 149.6653 149.6653 149.6653 149.6653 149.6271 414.09 1071.464 279.0565 219.9728 201.8978 877.2195 1004.519 1142.326 839.2786 356.5151 395.4596 544.1488 1834.411 1911.942 1659.176 1520.649 1376.037 1041.409 863.2374 441.0333 392.9377 600.5056 547.6462 271.0916 272.9377 251.4179 231.6038 230.466 253.0518 256.4433 208.6992 194.6913 171.3237 149.5326 387.1127 904.3587 424.048 403.0732 552.824 555.3268 1221.082 2418.061 1774.453
-9999 -9999 -9999 -9999 -9999 -9999 -9999 -9999 -9999 -9999 -9999 -9999 -9999 -9999 -9999 -9999 -9999 -9999 -9999 144.4731 149.2155 149.6653 149.6653 145.6113 148.9993 148.7974 169.9515 267.6974 267.9546 226.208 143.3573 143.1762 143.1762 335.4188 303.4537 262.1204 219.0414 282.7497 393.4384 1186.809 1230.19 1115.214 299.0969 217.6606 216.8746 216.2066 249.4881 272.8899 263.7037 257.555 240.3776 285.5244 299.463 299.463 299.463 299.463 268.144 253.5482 319.6228 753.9985 1075.034 1077.079 371.9112 202.4447 245.4015 386.6988 416.0997 376.5478 371.1737
-9999 -9999 -9999 -9999 -9999 -9999 -9999 -9999 -9999 -9999 -9999 -9999 -9999 -9999 -9999 -9999 144.4731 144.4731 144.4731 144.4731 144.4731 144.4731 144.4731 144.4731 145.9296 148.591 154.4915 260.3894 240.3574 234.7982 151.7825 139.7204 143.1671 218.7584 252.0283 252.0283 207.7229 183.131 249.1298 946.4917 700.309 286.1723 226.6529 235.2411 315.7832 349.3152 368.9898 335.0745 265.1461 297.9649 482.9191 601.297 616.629 601.163 583.1861 624.8223 695.231 695.2369 695.2369 622.347 524.454 571.7841 218.0552 205.1036 210.1902 252.0715 253.0283 253.0283 253.0283
-9999 -9999 -9999 -9999 -9999 -9999 -9999 -9999 -9999 -9999 -9999 -9999 -9999 -9999 -9999 -9999 144.4731 144.4731 144.4731 144.4731 144.4731 144.4731 144.4731 144.4731 144.4731 144.6572 161.3686 267.9546 146.8755 129.3014 129.3014 129.3014 129.3014 191.2062 228.9229 228.9229 229.3766 224.4057 228.9229 228.7406 227.5429 226.655 227.1113 327.9972 704.8773 719.988 715.6234 668.609 663.9103 665.2051 666.0583 695.2369 695.7928 712.7358 714.2175 696.8 695.2369 695.2369 666.2479 408.8322 320.5925 348.3226 506.3303 366.7083 215.0612 266.3796 253.0283 253.0283 253.0283
-9999 -9999 -9999 -9999 -9999 -9999 -9999 -9999 -9999 -9999 -9999 -9999 -9999 -9999 -9999 -9999 161.0845 156.9647 -9999 -9999 -9999 144.4731 144.4731 144.4731 144.4731 144.4731 153.812 166.0481 165.8624 158.4286 143.4184 149.7306 159.9206 199.9771 226.8317 228.9229 228.9229 240.5735 242.0594 300.0666 491.5903 631.0602 494.2056 795.8668 725.2808 729.2987 820.7044 727.8256 458.5771 466.1079 740.5635 937.8486 695.2369 709.5466 743.8715 703.9525 693.5969 623.7677 501.7773 381.8783 348.4837 439.8656 570.4705 584.7798 571.1698 522.6785 253.0283 253.0283 253.0283
-9999 -9999 -9999 -9999 -9999 -9999 -9999 -9999 -9999 -9999 -9999 -9999 161.0845 161.0845 161.0845 91.55883 78.93125 73.37317 73.28883 73.28883 73.40279 73.28883 144.4731 150.0251 161.9608 166.0481 166.03 166.0481 163.9529 160.0548 160.0548 160.0548 160.0548 160.0548 296.7759 365.3804 343.4464 393.2516 529.6102 710.8164 1149.643 1261.495 1261.495 1258.73 812.6491 659.0183 550.7722 1150.667 1142.766 1212.263 1495.236 1616.169 699.8392 670.6899 600.9369 507.9047 575.941 487.4091 476.21 460.2695 457.6068 464.7043 464.7044 347.9149 269.0838 273.3629 246.7767 252.7636 253.0283
-9999 -9999 -9999 -9999 -9999 -9999 -9999 -9999 -9999 -9999 162.149 161.0845 161.0845 161.0845 161.0845 144.6025 98.14266 85.38927 129.0593 112.3711 95.54244 111.1078 345.3537 166.0481 166.0481 166.0481 166.0481 166.0481 166.0013 273.5301 607.2668 342.5021 227.8964 245.426 438.7281 538.9703 385.0785 384.701 514.7245 662.8563 833.7656 1240.425 1261.495 1185.734 808.0001 374.5649 429.6821 1406.22 1648.164 1648.164 1631.077 919.2083 395.4162 396.2615 410.8604 409.646 450.3072 409.1935 265.1559 265.172 281.1774 423.7584 433.3583 377.4126 226.1395 226.1299 226.1299 232.363 254.1698
-9999 -9999 -9999 -9999 -9999 -9999 -9999 -9999 -9999 -9999 161.0845 161.0845 161.0845 183.2269 642.7812 531.6533 649.2897 492.3412 361.8775 361.8775 361.331 361.8775 358.1544 303.8085 232.002 174.9899 166.0481 166.0481 166.0481 578.4158 937.4584 921.5684 764.1441 711.1039 711.1039 705.8047 452.8241 352.6493 309.1864 346.7276 194.5926 440.1495 599.1266 155.4669 153.9681 245.8741 275.9125 393.8551 701.5327 729.3694 413.1507 340.951 339.1592 278.1625 177.842 174.3915 439.041 752.0256 604.5535 528.2668 451.6308 477.9639 479.259 445.1741 398.1677 226.1299 226.1299 226.1361 250.2461
