Models/Netlogo/netlogo5/data/fra.asc
ncols         408
nrows         288
xllcorner     -6
yllcorner     40
cellsize      0.0416666666667
NODATA_value  -9999
[rows 31 to 61 of 288, columns 138 to 206 of 408]
-9999 -9999 -9999 -9999 -9999 -9999 -9999 -9999 -9999 -9999 -9999 -9999 -9999 -9999 -9999 -9999 -9999 -9999 -9999 -9999 -9999 -9999 -9999 -9999 -9999 -9999 -9999 -9999 -9999 -9999 -9999 -9999 -9999 -9999 -9999 -9999 -9999 -9999 -9999 -9999 -9999 -9999 -9999 1574.107 1189.484 265.9872 132.5042 52.60598 56.21238 270.2112 108.5902 52.54012 42.95434 42.1087 47.03082 58.26081 197.6393 151.0457 141.2415 194.8598 211.0931 201.1374 277.5039 127.4584 95.40675 108.0955 87.78048 243.6317 105.5579
-9999 -9999 -9999 -9999 -9999 -9999 -9999 -9999 -9999 -9999 -9999 -9999 -9999 -9999 -9999 -9999 -9999 -9999 -9999 -9999 -9999 -9999 -9999 -9999 -9999 -9999 -9999 -9999 -9999 -9999 -9999 -9999 -9999 -9999 -9999 -9999 -9999 -9999 -9999 -9999 -9999 -9999 -9999 332.5104 242.3037 174.9539 132.5216 125.7833 123.9931 94.28651 127.0956 47.55809 42.9339 30.51156 38.87525 38.16003 49.32656 91.75947 78.732 88.20772 88.35133 147.9084 246.8962 292.0972 312.2784 186.4979 131.8341 110.8601 247.1851
-9999 -9999 -9999 -9999 -9999 -9999 -9999 -9999 -9999 -9999 -9999 -9999 -9999 -9999 -9999 -9999 -9999 -9999 -9999 -9999 -9999 -9999 -9999 -9999 -9999 -9999 -9999 -9999 -9999 -9999 -9999 -9999 -9999 -9999 -9999 -9999 -9999 -9999 -9999 -9999 -9999 -9999 -9999 145.0584 148.1211 147.8563 58.4139 31.37698 60.37693 29.59096 26.88789 37.10495 25.49009 25.79367 30.30678 32.90462 77.23132 58.40751 45.77193 65.67713 64.75107 132.285 105.8283 146.4234 407.0605 421.1893 169.092 131.0058 122.5742
-9999 -9999 -9999 -9999 -9999 -9999 -9999 -9999 -9999 -9999 -9999 -9999 -9999 -9999 -9999 -9999 -9999 -9999 -9999 -9999 -9999 -9999 -9999 -9999 -9999 -9999 -9999 -9999 -9999 -9999 -9999 -9999 -9999 -9999 -9999 -9999 -9999 -9999 -9999 -9999 -9999 -9999 -9999 136.4756 151.9271 84.05637 35.16033 27.25888 30.73519 26.46262 29.26555 36.24807 36.65256 20.62659 32.51391 31.36509 40.93533 42.56594 31.7723 43.32792 45.93006 59.83051 78.18375 113.0352 203.1837 376.854 271.1997 190.7622 290.3282
-9999 -9999 -9999 -9999 -9999 -9999 -9999 -9999 -9999 -9999 -9999 -9999 -9999 -9999 -9999 -9999 -9999 -9999 -9999 -9999 -9999 -9999 -9999 -9999 -9999 -9999 -9999 -9999 -9999 -9999 -9999 -9999 -9999 -9999 -9999 -9999 -9999 -9999 -9999 -9999 -9999 -9999 -9999 353.0063 392.9454 598.534 286.6022 56.52102 55.15564 35.78907 19.89518 24.38692 18.13135 18.60422 25.56153 45.13333 83.14355 88.17805 33.74233 35.87516 34.08943 32.24575 42.7362 78.52721 505.2809 974.2491 525.4858 579.6999 631.2936
-9999 -9999 -9999 -9999 -9999 -9999 -9999 -9999 -9999 -9999 -9999 -9999 -9999 -9999 -9999 -9999 -9999 -9999 -9999 -9999 -9999 -9999 -9999 -9999 -9999 -9999 -9999 -9999 -9999 -9999 -9999 -9999 -9999 -9999 -9999 -9999 -9999 -9999 -9999 -9999 -9999 -9999 -9999 320.0433 331.1686 133.9963 55.87881 78.62728 228.4038 78.6743 21.85502 25.13394 23.83998 18.70174 23.46506 26.97594 26.75731 43.98197 24.40381 34.47982 59.77011 26.93065 45.1958 144.2204 178.217 748.2608 1065.059 1282.156 518.3606
-9999 -9999 -9999 -9999 -9999 -9999 -9999 -9999 -9999 -9999 -9999 -9999 -9999 -9999 -9999 -9999 -9999 -9999 -9999 -9999 -9999 -9999 -9999 -9999 -9999 -9999 -9999 -9999 -9999 -9999 -9999 -9999 -9999 -9999 -9999 -9999 -9999 -9999 -9999 -9999 -9999 -9999 -9999 651.6147 374.0054 141.5252 56.00549 69.71519 76.67426 49.59221 55.3641 78.68412 54.97675 31.29433 32.54045 37.39412 52.35504 31.67834 41.5007 41.88002 55.28571 34.28481 37.7011 45.46713 56.44963 117.3248 375.8727 222.2822 465.9821
-9999 -9999 -9999 -9999 -9999 -9999 -9999 -9999 -9999 -9999 -9999 -9999 -9999 -9999 -9999 -9999 -9999 -9999 -9999 -9999 -9999 -9999 -9999 -9999 -9999 -9999 -9999 -9999 -9999 -9999 -9999 -9999 -9999 -9999 -9999 -9999 -9999 -9999 -9999 -9999 -9999 -9999 -9999 880.0803 414.5971 155.1133 96.95165 45.17778 37.26484 53.53692 90.64847 102.4615 89.47112 86.16397 162.9411 107.2143 106.3135 34.22215 39.02013 33.77021 41.64226 119.3308 341.7148 72.90339 57.82198 48.32096 54.1544 49.13694 72.65825
-9999 -9999 -9999 -9999 -9999 -9999 -9999 -9999 -9999 -9999 -9999 -9999 -9999 -9999 -9999 -9999 -9999 -9999 -9999 -9999 -9999 -9999 -9999 -9999 -9999 -9999 -9999 -9999 -9999 -9999 -9999 -9999 -9999 -9999 -9999 -9999 -9999 -9999 -9999 -9999 -9999 -9999 -9999 87.6004 65.9095 39.94527 35.22147 25.13 18.52946 30.51877 38.71937 35.10439 23.95673 75.34673 234.8777 89.67253 39.39761 23.47873 25.0694 26.82198 43.7583 62.22083 79.33804 50.7439 33.49735 55.63454 64.7447 110.7371 102.2916
-9999 -9999 -9999 -9999 -9999 -9999 -9999 -9999 -9999 -9999 -9999 -9999 -9999 -9999 -9999 -9999 -9999 -9999 -9999 -9999 -9999 -9999 -9999 -9999 -9999 -9999 -9999 -9999 -9999 -9999 -9999 -9999 -9999 -9999 -9999 -9999 -9999 -9999 -9999 -9999 -9999 -9999 12.86757 32.2238 30.55274 57.21791 39.1002 28.60539 28.96322 28.62487 23.46359 22.29381 22.87626 32.20692 36.13763 34.21685 26.7131 27.08838 26.71114 28.87377 51.1673 38.12342 26.23603 23.82393 25.94775 43.18673 61.78282 51.81161 83.24312
-9999 -9999 -9999 -9999 -9999 -9999 -9999 -9999 -9999 -9999 -9999 -9999 -9999 -9999 -9999 -9999 -9999 -9999 -9999 -9999 -9999 -9999 -9999 -9999 -9999 -9999 -9999 -9999 -9999 -9999 -9999 -9999 -9999 -9999 -9999 -9999 -9999 -9999 -9999 -9999 -9999 -9999 12.86757 12.86757 46.83476 113.9487 87.13119 27.80853 19.36273 27.58966 28.02502 24.31519 29.53006 31.69992 21.0894 20.28213 37.93201 25.5334 21.70471 39.10258 134.3937 158.4686 25.6344 30.06856 38.46545 42.12419 137.8989 64.11195 57.30672
-9999 -9999 -9999 -9999 -9999 -9999 -9999 -9999 -9999 -9999 -9999 -9999 -9999 -9999 -9999 -9999 -9999 -9999 -9999 -9999 -9999 -9999 -9999 -9999 -9999 -9999 -9999 -9999 -9999 -9999 -9999 -9999 -9999 -9999 -9999 -9999 -9999 -9999 -9999 -9999 -9999 -9999 101.7145 99.41736 148.4008 89.50579 30.28437 33.18069 58.91698 37.94313 28.71454 25.9165 23.0889 23.10609 24.69931 37.65616 108.3954 85.12166 34.7973 27.85016 26.54585 38.80479 40.29809 28.18961 34.14413 38.90638 43.57991 41.3787 48.84885
-9999 -9999 -9999 -9999 -9999 -9999 -9999 -9999 -9999 -9999 -9999 -9999 -9999 -9999 -9999 -9999 -9999 -9999 -9999 -9999 -9999 -9999 -9999 -9999 -9999 -9999 -9999 -9999 -9999 -9999 -9999 -9999 -9999 -9999 -9999 -9999 -9999 -9999 -9999 -9999 -9999 101.7145 100.1082 64.82089 195.875 197.5532 33.11206 38.44132 79.89931 66.32351 47.67365 30.21055 22.54822 22.21864 25.73902 28.52958 28.2868 26.96311 21.98157 24.43815 18.48236 122.7275 121.8392 37.30549 37.2852 53.96659 36.33326 41.35616 53.36154
-9999 -9999 -9999 -9999 -9999 -9999 -9999 -9999 -9999 -9999 -9999 -9999 -9999 -9999 -9999 -9999 -9999 -9999 -9999 -9999 -9999 -9999 -9999 -9999 -9999 -9999 -9999 -9999 -9999 -9999 -9999 -9999 -9999 -9999 -9999 -9999 -9999 -9999 -9999 -9999 -9999 73.40208 60.25597 72.89541 75.56202 48.49732 34.81345 30.83761 37.23137 225.36 162.2738 62.81013 54.8132 31.05068 24.2617 25.27388 29.58155 38.15992 45.13804 19.33112 30.76143 80.07799 166.8314 69.26447 47.03421 62.62585 40.94072 35.03091 55.13665
-9999 -9999 -9999 -9999 -9999 -9999 -9999 -9999 -9999 -9999 -9999 -9999 -9999 -9999 -9999 -9999 -9999 -9999 -9999 -9999 -9999 -9999 -9999 -9999 -9999 -9999 -9999 -9999 -9999 -9999 -9999 -9999 -9999 -9999 -9999 -9999 -9999 -9999 -9999 621.5875 330.9668 98.15916 168.0393 221.9075 66.93565 66.96577 62.29396 50.08875 57.0636 757.7482 769.043 100.4875 62.73819 40.01437 43.62117 31.0893 26.32684 30.15726 31.17047 40.47681 48.42474 91.39069 98.75357 53.8048 24.98983 23.71246 28.66996 29.97623 32.85719
-9999 -9999 -9999 -9999 -9999 -9999 -9999 -9999 -9999 -9999 -9999 -9999 -9999 -9999 -9999 -9999 -9999 -9999 -9999 -9999 -9999 -9999 -9999 -9999 -9999 -9999 -9999 -9999 -9999 -9999 -9999 -9999 -9999 -9999 -9999 -9999 -9999 128.4987 675.5607 618.1596 314.658 154.2684 295.0483 294.2717 206.9646 122.799 43.20505 39.69033 47.00522 76.05198 106.3792 110.1944 56.09042 48.47429 35.92109 26.06132 83.69054 162.7321 80.29846 53.92839 52.40329 59.05076 55.69297 43.35456 34.99921 26.63187 52.61037 31.62402 34.09628
-9999 -9999 -9999 -9999 -9999 -9999 -9999 -9999 -9999 -9999 -9999 -9999 -9999 -9999 -9999 -9999 -9999 -9999 -9999 -9999 -9999 -9999 -9999 -9999 -9999 -9999 -9999 -9999 -9999 -9999 -9999 -9999 -9999 -9999 -9999 -9999 84.10109 122.5949 121.8218 197.0505 255.5044 169.1914 174.2338 131.2679 48.75158 39.7092 41.52478 50.32681 52.93985 25.63738 30.49771 54.44387 38.47166 118.8651 103.5176 173.1802 155.5926 183.6919 78.69761 84.16481 84.73353 79.81493 66.24285 65.14932 39.7276 32.59917 42.97302 43.95266 74.10804
-9999 -9999 -9999 -9999 -9999 -9999 -9999 -9999 -9999 -9999 -9999 -9999 -9999 -9999 -9999 -9999 -9999 -9999 -9999 -9999 -9999 -9999 -9999 -9999 -9999 -9999 -9999 -9999 -9999 -9999 -9999 -9999 -9999 209.1978 171.2003 102.4307 63.23194 40.51487 32.30047 24.29381 58.05427 42.8495 92.59876 155.5522 53.61794 29.54132 38.00486 52.94696 59.08793 40.76143 55.01278 66.68135 82.07088 52.84415 55.76675 61.25623 47.10192 60.2777 80.40584 71.20882 76.38138 81.2656 82.1787 54.92738 39.55523 53.18391 54.20704 55.40223 96.72081
-9999 -9999 -9999 -9999 -9999 -9999 -9999 -9999 -9999 -9999 -9999 -9999 -9999 -9999 -9999 -9999 -9999 -9999 -9999 -9999 -9999 -9999 -9999 -9999 -9999 -9999 -9999 -9999 87.36476 99.56358 311.6925 2778.938 2447.39 186.4498 121.5292 70.52361 54.66301 29.54964 24.05405 16.94685 18.85361 20.18114 26.17177 58.8156 131.8426 95.53904 38.07309 44.4682 63.1362 21.36729 24.95057 29.15157 40.45322 29.62209 20.36888 16.97572 44.8698 101.1644 147.4321 211.4709 1583.443 1061.951 187.1246 70.51656 76.58569 217.6467 144.1505 62.75589 49.1871
-9999 -9999 -9999 -9999 -9999 -9999 -9999 -9999 -9999 -9999 -9999 -9999 -9999 -9999 -9999 -9999 -9999 -9999 -9999 -9999 -9999 -9999 -9999 -9999 129.0379 54.6212 42.80364 51.9952 72.98084 88.82243 178.3939 692.8837 341.5039 144.8941 87.87373 148.3712 130.9118 31.16893 23.82682 16.29156 35.86756 13.69214 14.93726 19.1579 104.6868 76.08984 60.03376 66.843 28.09843 25.65722 19.81953 18.29776 24.26116 31.05327 31.84026 31.74501 32.39908 81.78986 188.6993 953.9804 2586.507 2439.4 600.4393 109.4403 94.85744 190.0493 224.1691 51.51405 44.38761
-9999 -9999 -9999 -9999 -9999 -9999 -9999 -9999 -9999 -9999 -9999 -9999 -9999 -9999 -9999 -9999 -9999 -9999 74.09145 66.20893 48.63185 47.13964 230.2244 218.6653 74.53564 63.42539 43.87635 37.72633 106.2939 84.23438 134.6935 134.8943 131.9541 85.69663 81.82807 119.0765 96.39568 33.3113 26.46881 44.54208 33.56115 18.19181 27.86357 68.18982 45.79094 43.02861 46.38139 52.66125 123.4022 61.17938 24.849 28.1458 27.48886 28.03363 30.74043 37.49639 42.49053 45.51711 114.9477 305.836 400.3042 1105.83 569.325 94.92082 70.97053 76.07666 198.9687 76.54233 49.88002
-9999 -9999 -9999 -9999 -9999 -9999 -9999 -9999 -9999 -9999 -9999 -9999 -9999 -9999 -9999 -9999 76.63725 114.1163 117.0524 57.77051 60.04374 92.42716 75.99284 60.76494 42.29243 55.07347 88.9798 158.446 133.9933 52.44499 93.12402 56.21436 91.15356 51.94048 73.49628 41.68706 32.32436 26.85015 29.43081 31.59334 16.17414 15.75075 24.88379 26.49574 34.6229 37.29902 32.27916 31.8207 28.31986 21.11046 23.65059 23.29369 20.27294 25.83636 20.10427 71.24657 53.49659 45.54535 74.95658 87.19765 81.37584 90.40696 74.50498 60.16617 75.9203 71.98499 36.10644 33.91645 27.95593
-9999 -9999 -9999 -9999 -9999 -9999 -9999 -9999 -9999 -9999 -9999 -9999 -9999 -9999 1123.402 1000.455 301.418 79.64749 78.97958 52.34833 116.0026 163.5809 52.67009 33.7129 44.07578 33.67665 45.72663 52.28879 34.39367 46.83697 52.85913 54.79053 60.28341 37.27725 45.82429 70.06225 39.29539 20.52303 29.02423 37.9105 84.17773 24.63186 20.21767 19.65725 22.98942 18.12447 17.63762 85.23998 143.4843 34.82556 34.07792 30.75579 21.4679 101.302 26.40622 17.65286 29.19305 62.5067 42.95044 60.52103 76.67615 50.48396 59.82568 58.26686 85.22308 130.6446 111.9451 46.72915 47.64263
-9999 -9999 -9999 -9999 -9999 -9999 -9999 -9999 -9999 -9999 381.3112 136.7488 53.30617 196.0103 199.3559 469.7017 180.7605 68.98962 84.77299 55.56725 77.22398 52.94934 43.34886 30.52432 123.8107 110.4538 45.17962 64.35744 57.65723 60.86742 41.09798 73.48279 72.2653 63.7372 36.3549 47.69746 27.31552 32.8561 31.84071 44.08282 271.9661 88.755 18.54804 15.91969 16.98446 19.14424 15.4423 13.99504 37.51875 40.23933 15.59867 12.89225 20.30472 91.28017 27.82123 14.1968 23.1489 54.84863 31.90357 31.82172 46.46623 76.35057 60.79681 45.3472 21.15579 33.40144 57.13201 56.79351 49.06277
-9999 -9999 -9999 -9999 -9999 -9999 -9999 -9999 -9999 57.83731 135.4281 84.09727 58.68203 55.56031 95.81452 78.35679 57.03353 48.20422 52.64865 55.31594 53.65733 38.84806 62.91022 69.95374 54.13037 69.93816 89.71923 121.7249 47.26676 72.81274 74.29337 78.30099 49.60437 73.44868 35.42353 40.76771 73.67049 75.6339 35.49093 27.08678 31.79776 34.87705 23.30181 20.34422 34.16142 38.24442 22.89771 27.96484 64.51538 56.57322 34.21195 28.54866 107.5828 22.56758 20.44495 24.58899 25.25591 21.87596 22.93631 30.97796 36.22438 29.77148 18.64663 32.84785 19.48348 18.10634 30.29253 43.90357 30.251
-9999 -9999 -9999 -9999 -9999 -9999 -9999 -9999 -9999 82.924 89.49977 124.8991 131.9707 76.63757 187.9825 91.98842 66.79865 70.09125 80.25692 113.1546 110.5733 46.46077 50.39484 175.7932 168.4168 70.73875 86.01208 93.19707 64.95825 30.5787 60.21366 44.78057 62.35107 52.26388 67.90289 50.00446 65.51336 42.48721 41.27349 27.77992 27.0225 30.74074 43.80994 46.63086 38.17535 46.044 31.6438 157.875 38.37308 55.73922 104.0609 65.07868 161.4321 37.28894 25.34223 37.17653 34.83361 19.31412 33.35738 39.10641 149.0668 159.04 37.47154 29.28557 23.49653 21.87438 34.63731 384.7175 89.0441
-9999 -9999 -9999 -9999 -9999 -9999 -9999 -9999 151.9249 116.8843 130.9525 157.6472 123.368 121.6494 93.59272 94.61889 98.12325 219.7819 133.852 70.93257 56.2774 63.04718 72.81326 228.7488 586.3126 113.6777 65.89138 67.70843 143.3531 98.83182 55.93678 72.3766 136.539 69.02047 82.41585 80.17561 45.81121 49.85701 101.2421 40.96244 29.30234 25.34143 216.0289 100.8691 20.50142 22.27253 27.10499 37.03152 29.76503 18.45595 25.76337 27.37913 42.8678 50.97721 23.72907 98.9801 115.5842 31.93945 37.76547 47.24544 78.08571 30.42886 34.90116 37.66167 28.7637 20.9987 49.17244 47.01177 24.13505
-9999 -9999 -9999 -9999 -9999 -9999 -9999 238.637 238.637 381.6276 484.9238 453.2023 138.2269 112.5053 87.97767 88.5928 208.0212 553.1592 336.4636 107.3838 99.61731 73.02436 69.65639 72.04646 55.0023 62.76223 73.54495 98.04135 539.9623 429.6391 92.64304 235.8273 157.5092 97.09671 77.7001 73.91209 62.95358 56.42925 55.15771 29.74917 28.47497 18.7019 27.17024 18.08151 20.37895 17.81612 19.30125 24.89305 22.00197 27.59302 72.69746 42.46639 54.10608 43.91748 46.47536 24.61378 43.57893 38.19569 47.22342 64.61305 45.3253 37.49952 68.58884 91.82798 40.20555 53.70384 104.499 70.79118 75.12915
-9999 -9999 -9999 -9999 -9999 -9999 -9999 3414.296 2788.769 2553.979 1995.504 471.1745 232.2448 112.8176 242.2923 162.8267 96.91531 108.5471 323.5512 322.361 179.3231 81.13412 66.91896 195.1309 71.97276 125.6291 124.9178 107.2941 349.6667 257.5153 514.0352 433.5216 189.8496 174.6996 124.1181 100.9176 98.47128 68.10136 46.16908 21.91665 16.0763 26.713 21.70241 15.68441 18.65025 27.03591 41.34433 39.06853 36.56297 22.26047 35.64849 41.44265 37.90476 65.6547 85.02005 69.33869 39.05502 39.35551 48.91706 25.51242 44.14351 31.99648 47.64357 158.6659 196.4028 78.37669 93.38439 41.28429 34.55517
-9999 -9999 -9999 -9999 -9999 -9999 -9999 -9999 3525.864 3525.864 2454.328 366.014 73.81399 39.38546 23.95527 33.95434 84.09554 81.38453 327.8524 356.2386 172.5766 59.86917 19.17962 42.5372 85.71584 253.1308 318.3692 151.0038 114.726 129.7511 1105.685 1848.031 1339.432 1046.005 148.9791 90.1031 89.6917 84.36996 58.59069 45.20121 38.54359 29.41347 27.07875 18.35892 15.18291 30.27012 132.6593 342.7241 80.44373 29.61098 32.67753 45.55021 55.47076 70.62882 87.17894 267.3784 287.4329 68.67932 47.02262 60.7623 45.80439 43.42787 37.62088 95.61253 74.26283 47.7883 47.63515 59.71554 58.76497
-9999 -9999 -9999 -9999 -9999 -9999 -9999 -9999 -9999 3525.864 1131.748 432.869 257.1808 40.87806 48.21704 38.41236 19.14318 24.40162 36.58353 48.53505 49.35388 23.46513 18.26865 39.38845 41.98022 101.0913 81.80492 50.106 80.89608 267.3333 1178.259 4505.903 4227.35 2448.27 317.6845 121.3062 71.82688 67.44646 72.78744 61.83015 29.92678 22.26761 21.18412 27.86931 14.05547 28.76265 28.8228 73.97327 81.43157 78.43218 61.84 115.3872 118.4702 107.8477 182.3867 1434.565 1376.859 241.5112 52.75958 93.87212 95.5647 41.72377 62.2021 84.98418 78.6695 42.72367 39.57561 48.72166 123.8538
