Models/Netlogo/netlogo5/data/fra.asc
ncols         408
nrows         288
xllcorner     -6
yllcorner     40
cellsize      0.0416666666667
NODATA_value  -9999
[rows 155 to 185 of 288, columns 138 to 206 of 408]
34.12163 61.01213 43.76505 27.63244 23.35961 22.26192 19.80461 28.38454 36.73317 31.23382 22.5407 20.2435 21.54551 22.72225 17.35046 8.272028 11.1148 10.21815 11.64296 17.63812 26.3302 69.51292 115.6219 60.92156 29.11013 17.08337 14.5305 18.18666 34.33448 35.28476 18.00152 18.09559 18.0925 42.20453 71.84554 69.96706 44.6006 20.82734 19.7311 17.51606 15.66327 15.48904 26.60161 16.57065 12.26616 12.63805 15.44984 11.24287 14.74808 21.10607 8.011216 5.179001 4.149363 2.831663 3.716927 8.047167 9.189908 27.35849 27.42836 23.81851 138.6551 140.302 26.00214 13.47711 9.235037 5.807745 10.69214 14.10129 14.07268
37.63795 76.29795 172.858 34.75294 21.20855 25.36697 45.56459 26.67458 21.7653 25.10162 19.2783 16.75515 51.86013 24.19713 15.32399 16.23573 16.37728 13.61649 10.29371 8.7666 10.94984 11.43225 15.59978 36.05089 22.89876 16.99221 16.84467 23.47334 27.89227 14.22884 14.92998 17.58475 17.1996 48.37807 52.51195 32.60412 37.06443 16.7716 25.2212 35.23677 28.12318 16.98543 17.89889 18.92698 16.75245 17.12597 20.68314 20.21259 15.65936 10.40656 5.664479 4.714874 4.943467 8.559765 5.196863 9.383227 14.93231 19.43704 14.08358 12.44889 10.49584 15.59769 14.00784 13.91684 12.35425 8.784803 11.56618 12.85388 11.32788
29.77356 59.19279 38.62423 26.37068 17.82321 15.40429 22.76291 18.36625 41.74632 37.48337 20.02861 17.06689 13.8682 15.89245 18.47046 18.17798 39.92714 22.43689 12.16441 9.738763 7.900001 11.85927 22.90876 24.00292 18.04687 18.84399 21.02787 81.76208 82.74371 29.53809 14.29233 13.17753 12.40701 22.84799 21.63272 22.53444 19.57775 19.22821 45.27514 37.38384 27.84153 17.45754 22.78032 96.45378 48.58707 13.4001 22.64831 23.60884 18.36169 12.86439 10.72372 7.016317 10.04646 10.99851 138.2114 34.87906 15.29856 12.59684 7.873199 10.04468 14.44974 14.27179 11.17015 14.2829 13.9919 17.42253 29.84339 31.27568 23.28305
36.59948 33.24765 17.71128 18.06134 19.75189 12.71551 15.31452 12.3884 30.46782 35.6768 22.20592 17.18606 13.37754 13.82694 16.56589 16.64982 21.50585 14.34932 12.23857 12.84637 18.01526 31.69007 35.12414 26.8072 19.95698 21.81743 26.56463 66.53212 57.44201 32.08804 19.00882 20.407 27.18357 32.52718 26.2774 24.21018 19.39334 20.04322 68.37712 50.0637 25.58161 24.30923 38.54982 72.35098 27.78181 22.59791 27.13269 36.63811 15.15049 14.43722 17.10264 15.87913 10.18538 18.9354 55.27854 95.58154 13.51285 8.872895 7.367556 23.66408 24.84546 21.66389 16.35243 15.11372 31.94521 145.7248 95.54583 19.62222 17.23696
32.7389 22.33352 11.2912 12.1966 15.54015 18.90277 13.76408 14.04642 19.90298 17.66286 16.58767 23.2051 16.52769 15.80078 27.70391 33.18196 25.37307 12.64599 15.67448 19.99142 30.69254 49.96381 49.12247 20.75557 18.42382 13.70712 22.53015 28.44819 28.32308 21.12812 25.98126 51.66173 33.46912 28.68305 18.90701 14.54409 15.00029 28.85769 39.09742 38.66882 29.03353 20.59873 28.95658 32.51644 30.05344 29.76413 46.70477 60.10948 37.55851 16.6606 28.65847 27.14968 11.22908 24.66748 26.96058 19.37744 9.774002 7.921417 6.991924 18.25526 24.12757 10.2376 17.93474 39.22899 76.26257 81.76254 20.15943 17.96523 11.61986
32.0202 24.44865 13.96311 12.01123 18.93206 24.33368 23.6004 33.04181 14.90047 18.18165 14.87692 34.79649 39.7685 27.17266 25.6906 20.5499 16.22974 14.82582 17.84655 30.11838 25.44835 19.34083 26.85963 24.70218 20.01737 22.7577 24.85854 26.85743 23.1755 22.49541 26.07933 78.99354 28.93828 21.83238 35.30382 39.10382 27.55415 32.34027 34.66416 44.53594 40.84913 27.91018 24.28371 31.79872 28.73441 35.09363 44.77729 70.0651 91.1877 27.87416 28.68867 22.47771 18.14533 11.0325 8.330629 6.905677 6.450224 20.13869 12.4303 8.234416 20.07385 11.56909 10.40852 18.931 33.62825 52.55087 14.70688 17.55856 21.61766
30.01747 16.76848 16.84966 12.21811 13.05911 20.13896 69.70563 54.7742 16.32751 29.91988 35.56952 19.10465 29.11475 79.49448 66.95514 34.00585 28.76155 31.28066 35.94245 46.26559 19.37994 28.90467 47.22247 41.08029 39.31868 29.75766 37.42658 34.39305 33.87994 21.51453 22.63056 23.28998 40.49735 40.69971 17.00615 13.26804 15.7174 35.79078 39.51452 161.6935 121.0762 85.61432 56.3155 35.3438 41.23207 53.22721 67.28358 287.861 569.7449 129.5172 26.3027 18.22735 20.47144 15.65886 18.07872 12.76151 5.71521 10.27217 15.1171 11.50932 14.21396 14.22021 19.73756 13.90215 10.45339 12.56414 13.31978 17.28341 21.65474
43.97446 51.31237 37.64953 13.59124 7.302612 10.39982 31.98542 26.51632 23.14435 25.76825 30.21723 25.11353 19.33219 89.74717 95.06807 52.32077 31.43665 44.09076 44.77387 45.23969 42.98905 115.8501 165.2145 112.0864 146.4431 132.5593 70.29276 35.26899 29.77737 21.65941 16.59976 12.27574 23.91359 17.08448 24.09573 18.2114 13.96018 29.59375 34.38503 67.09828 93.31555 90.24807 90.61803 59.07896 45.41674 46.68132 74.58433 112.4837 89.12531 69.21231 21.86188 15.40087 12.19263 11.3223 16.97993 14.60624 5.985006 6.584667 12.24414 13.3832 48.14046 121.3532 56.06683 23.78577 13.89301 14.44924 11.69995 12.5882 10.32197
25.11406 46.80437 29.81478 27.93451 39.27028 40.44456 31.03291 20.34456 29.50195 40.2519 17.69185 13.10855 12.18505 15.38927 15.83934 23.47263 31.7145 27.60661 51.73298 57.38974 110.7836 221.585 975.8826 1366.897 343.7341 140.3806 58.42542 25.29966 17.89453 17.10057 13.39929 14.80499 19.70366 23.64742 16.94543 14.89073 15.59503 40.25032 41.5326 55.83887 94.33823 158.0108 365.3518 287.9077 215.2437 46.11045 51.54453 48.41232 44.37776 35.41768 26.07306 16.34303 14.57558 18.65812 15.23894 10.44465 8.511852 6.549679 13.11004 16.51963 10.87118 57.77196 55.9185 18.96595 15.44543 14.15617 11.40752 7.032001 5.28934
23.8295 24.49054 22.91221 24.53419 39.76429 46.78844 31.93761 31.02344 32.45692 21.95608 8.796332 7.966923 5.227174 5.651026 11.61433 20.17529 30.99331 108.4772 144.8422 92.65957 105.73 127.5932 251.7958 122.8229 153.3439 66.46886 32.07261 23.24758 19.48801 21.95852 17.42362 39.4749 24.84046 31.48119 59.07269 115.4486 128.4593 102.8981 78.7944 112.2717 166.8534 761.0447 1021.628 642.8963 103.1063 37.39122 27.40328 33.64172 25.60831 19.18907 24.48409 23.0059 32.67408 14.40537 26.30131 31.52717 26.69995 11.44512 13.83524 18.18162 15.19617 25.1182 22.89171 19.64457 19.57729 28.46777 14.8474 5.301641 4.867249
29.08721 31.51324 31.99459 35.77911 39.72542 76.39776 22.31312 27.04997 24.70202 8.795072 11.65051 11.92383 9.673173 8.025927 14.58911 33.53629 73.03037 126.4355 95.23149 44.01119 37.33447 38.77709 55.45854 72.85657 46.79058 38.5382 46.15058 24.54429 22.58969 23.49623 20.05139 21.65643 28.46036 40.24752 35.53962 49.37831 107.2326 142.1197 41.15293 106.5065 91.25809 171.9118 293.7329 258.842 47.19633 21.82411 20.35242 27.68569 23.80032 12.43207 15.28349 51.72954 120.8787 15.69295 17.29305 20.29509 14.01539 11.10767 16.63734 19.00668 17.70297 13.94301 20.3714 18.86282 26.60942 22.94239 9.771502 5.251197 2.128213
32.97154 93.37986 108.3783 138.1408 84.88187 36.46781 25.53156 38.59219 23.86548 37.27983 43.93051 20.31602 19.02137 18.89424 65.31461 51.87547 67.49539 53.42652 24.90679 23.05589 20.35892 17.84067 33.72815 36.90805 24.45352 23.7773 34.47796 22.31089 22.73472 24.43574 18.72189 16.07624 22.9845 84.82579 62.05051 18.81582 18.99595 17.55344 16.24559 19.85827 20.37032 25.9129 30.84495 34.65905 27.63576 30.56569 61.1442 23.59402 19.17808 14.00938 14.26853 17.48572 45.84001 12.98639 9.301275 7.884857 9.173031 7.843052 8.268066 9.245897 12.26358 15.3521 17.48988 21.84331 23.76161 16.18191 6.973007 9.079678 9.242402
62.78501 138.7327 145.871 185.2252 196.4044 132.5871 109.5756 67.63969 82.22987 109.5638 69.36571 26.71779 25.55949 49.33411 220.8242 41.98139 20.30194 15.00409 21.30865 35.38991 22.48198 19.80481 32.83665 33.90504 16.6081 18.88425 18.80822 13.26511 21.03585 21.92394 14.47664 21.42845 23.61911 26.1857 26.17428 20.67052 14.11169 12.12423 12.31615 12.44312 13.64926 18.06854 24.43655 26.00634 27.11527 48.2154 44.8015 26.76228 20.68937 32.56403 15.86254 11.89965 10.83162 8.599818 7.942294 9.056206 9.892838 10.13593 9.777787 9.293348 9.75141 15.22608 14.1193 31.85965 37.90992 24.42183 20.12418 19.79644 17.35826
119.5485 132.7546 115.9359 69.42722 48.9654 39.59462 42.54462 52.21166 35.43558 69.36478 53.64878 21.34722 16.84053 12.81936 18.36482 12.56754 10.04606 14.90288 14.93364 16.80295 16.92214 16.17033 16.5852 17.03584 15.32174 20.3043 17.53859 16.86796 15.62364 11.76514 15.37554 18.54432 16.79085 19.62266 24.91118 26.82214 22.55168 22.09128 17.9418 11.04202 15.35614 16.33676 14.33055 19.41498 22.57662 59.41993 48.40861 29.91079 17.97536 67.5926 50.99348 24.11226 10.87236 7.658137 7.19018 8.103716 10.14332 10.19517 49.26361 22.76911 23.7095 24.97803 23.0416 78.66455 106.4306 57.26327 36.50423 37.90511 59.37467
602.5785 84.40036 62.19013 57.60032 54.60204 41.8491 28.08808 34.2464 22.30681 21.76684 20.73831 12.70039 9.258451 8.067605 12.96433 16.14125 22.16441 36.54381 26.02329 24.5066 20.02161 17.266 15.6899 12.9652 18.11269 22.79147 18.41404 61.64503 79.70763 20.46568 23.13326 23.62982 21.21585 58.54986 106.3838 62.07183 32.5864 25.1394 21.83745 18.64233 60.19923 32.69481 17.26881 26.17271 41.27639 39.04999 62.69973 50.55775 50.96014 57.47436 183.4877 45.989 25.92288 10.37824 10.49547 7.511486 10.08128 11.84514 15.76046 12.09766 27.28032 59.88807 72.2393 214.2966 765.4615 518.4401 48.67836 41.36509 38.67262
728.2135 98.12597 81.15081 57.55358 62.55178 42.13523 29.63037 31.18007 26.52596 23.15359 38.48451 64.95508 40.31264 49.75072 96.37444 95.2273 184.6966 246.1399 115.3222 57.27071 27.9867 12.31762 19.56678 34.99077 41.73664 29.18526 18.87431 35.48787 58.58281 28.35091 54.35565 34.40001 22.66699 22.18787 162.4649 177.1816 45.39769 32.48791 34.50706 28.77699 111.045 91.87959 59.35178 35.27765 25.41225 14.72242 15.38175 19.29703 37.58192 55.86226 88.89728 49.15096 31.24968 17.34746 17.0499 11.69264 6.813582 7.655372 11.35757 14.80813 22.25667 53.97315 77.4184 267.8287 530.1873 121.3734 59.58674 18.04067 11.19477
84.60735 86.14988 97.28568 95.64648 142.8091 214.3936 74.09923 72.78864 90.82998 81.74979 78.58725 320.0156 78.60539 77.28279 105.6957 134.3624 256.7882 463.0135 377.4666 138.0614 80.35003 75.19957 44.20819 105.6583 85.23902 38.36172 39.11415 36.44063 40.49896 39.57343 43.64713 28.79263 37.12328 36.43293 73.06242 121.7336 71.87975 35.90721 32.94914 34.04969 25.90727 30.76394 29.36153 23.79388 18.4855 14.09008 23.57081 17.81199 20.0492 28.88553 75.56091 190.8544 38.45235 15.33642 13.32019 15.7386 11.26988 8.862085 14.06034 65.64086 27.92227 27.61922 25.57155 25.83015 74.82954 93.80225 38.29958 17.77238 10.54803
72.14693 109.032 91.58183 62.32892 61.07792 64.6283 44.61095 60.02332 62.6521 52.14249 76.88995 154.0489 69.13524 56.92373 68.06483 64.39567 65.25502 205.0145 242.5679 73.44849 35.85938 31.45793 47.12083 55.0077 17.21688 15.68511 28.57984 40.5803 27.5903 58.47041 31.99166 21.2261 23.06468 26.97015 54.87225 45.19864 47.33014 33.65083 27.17472 24.59029 24.86603 23.24823 6.243394 10.47329 12.5737 13.94174 32.37534 40.88546 37.98175 26.2983 22.46665 39.19727 20.55429 14.20637 9.779101 29.01737 13.79327 13.14697 11.84482 19.41583 19.08068 16.54719 12.90648 19.09965 25.81265 20.49133 15.60017 13.28258 12.31606
41.60387 50.2569 56.7832 50.30483 28.66458 30.69677 21.06539 29.09126 26.5577 23.52865 27.6294 33.04275 27.30345 21.89918 26.78731 51.01895 40.02896 35.06303 39.40811 25.0471 21.26608 22.01593 17.51 32.975 41.2641 18.81536 21.10932 17.32639 10.3431 34.58347 41.46605 13.45142 17.9176 25.80157 37.37534 42.29003 28.42633 21.80876 31.80529 79.02437 36.86083 23.38168 11.20795 4.690475 6.287733 11.26342 62.15438 62.59029 39.24286 20.1864 22.75564 49.71432 21.84027 18.84776 11.23314 17.1929 11.78696 14.6818 17.53442 15.48061 16.27774 12.2624 12.18069 13.09954 20.35125 20.47593 17.181 12.9779 14.01586
37.56404 36.40966 39.2235 39.59222 34.79849 21.00648 18.25799 20.87125 24.9699 23.96408 17.29378 20.15257 18.24638 16.18163 15.64867 24.90104 26.08607 23.13693 20.42105 15.39929 42.93036 11.37688 13.06478 15.43641 16.60214 11.77162 12.1616 9.310663 21.71534 36.14842 12.56867 7.474669 12.70851 15.22789 21.07901 18.62686 24.04552 40.38718 95.18282 102.359 30.09171 27.20049 18.10866 9.238729 5.515182 6.437166 13.93936 49.10696 24.62942 17.28865 18.42179 26.26643 74.99554 21.84095 15.65908 9.972026 10.24269 39.07429 50.83386 27.4874 20.63977 13.49435 23.67352 16.30847 14.71377 21.4268 23.68434 13.37467 13.4846
28.09232 31.82928 35.25844 40.07126 50.97236 27.57287 14.45139 18.63417 20.47629 21.48024 44.52324 33.8395 16.53594 15.02731 40.37077 70.3765 31.69278 22.99826 18.42737 17.7346 16.24311 12.24467 13.48838 14.78987 14.38952 11.26354 14.28197 49.5789 11.68416 12.48644 11.19429 13.49795 10.95197 14.03386 14.11139 23.33812 36.1194 18.22458 30.87241 16.65642 15.05695 13.19267 8.936952 12.25384 15.77754 6.989104 6.222537 8.584438 5.619544 10.05401 19.82017 23.15644 19.73254 18.52923 24.45376 14.65418 15.12624 57.99707 57.94574 28.68101 18.20469 11.57557 16.53559 14.78882 12.32681 29.26506 13.90841 22.09574 22.13258
33.70045 33.96884 25.65809 26.41576 41.69251 37.23874 25.18115 56.13722 76.69113 24.79695 29.73915 35.29964 26.49121 40.09417 47.4524 46.54186 42.98159 30.30265 21.85293 26.46944 62.79996 15.43351 15.23709 34.3399 46.72784 17.67787 11.25051 9.855123 10.47502 11.49526 11.72511 18.45991 24.37483 18.67631 20.37038 38.41367 19.112 13.55807 13.359 14.23379 22.15615 18.03478 11.33146 22.10252 20.15453 7.125476 6.064451 4.684481 6.627136 12.74827 20.57681 23.92465 28.0491 34.93831 70.61732 62.71594 25.11912 57.00797 25.44601 23.32526 23.17431 21.58021 14.75273 13.84186 12.01884 15.40911 10.15791 36.64843 28.73688
92.76676 58.18491 56.83409 81.28292 137.4512 105.3167 30.54865 20.59127 29.41604 31.11894 26.83427 21.37365 24.81633 31.81988 147.6926 64.92524 22.77358 18.16381 14.3213 16.74794 34.28753 17.21823 15.44291 23.31616 17.8154 14.09901 12.0144 26.86423 13.09412 12.06669 20.58507 16.72004 20.96482 13.72296 14.81979 12.49543 14.51331 16.47978 15.56934 13.66753 14.5608 11.93628 9.123711 10.28599 9.115361 6.525346 5.94692 4.660643 6.619626 9.530002 9.696214 13.81162 35.228 127.6869 266.0381 176.7578 40.13158 23.20653 39.26999 92.47483 55.70829 18.11319 15.19347 11.12489 10.17305 12.01783 12.07185 12.90852 11.92299
267.3101 97.45948 107.6971 56.29947 103.352 111.1185 52.27003 79.67516 72.16753 125.6375 216.3967 30.91215 30.87436 34.44397 108.835 30.63393 19.05134 15.56556 16.38209 14.83703 31.6455 39.0154 20.75318 24.20263 20.48584 13.98274 12.88784 14.85375 30.16957 31.86869 27.25486 20.41324 16.5784 25.88944 25.76485 18.14722 17.76836 29.09001 39.58636 21.95356 19.3732 15.51519 9.22369 12.8565 12.18124 6.343207 5.10467 4.391858 7.334235 8.122061 10.92833 18.92384 22.61328 42.05843 92.94915 205.4637 99.86834 41.46904 50.64841 297.0276 293.7934 83.37559 41.8349 19.82664 16.54496 14.91501 20.06615 24.55373 20.14705
228.8223 51.45992 42.19308 33.22285 39.0988 47.06782 45.00125 53.90539 138.336 207.8763 279.7548 115.9632 48.51553 23.32944 26.99894 20.07818 17.69895 12.83477 16.21417 17.35285 27.36089 29.36489 31.47897 35.54388 35.82129 24.54568 14.71025 27.91219 126.0641 185.1703 56.0115 43.45059 61.47539 81.72942 93.63287 49.28775 23.27639 29.9827 67.77318 76.25404 79.94717 27.27888 15.7795 12.05637 4.919482 5.514675 4.45954 4.167241 7.175765 14.21846 30.22201 14.81921 19.26333 18.63685 25.0353 31.55391 28.42794 25.02165 24.71248 102.1963 181.8814 102.0612 46.82673 23.73309 18.28225 13.94962 14.66278 20.08735 20.04619
54.39828 51.31919 34.0316 22.17807 19.37317 22.0855 39.31084 50.73743 48.89969 197.4865 180.2076 76.45125 50.7483 40.71079 16.61067 21.69917 17.1513 16.08703 17.42598 24.40694 47.97363 32.85382 94.69721 74.07278 51.32003 59.42295 26.30507 61.1321 184.5559 138.6445 86.32277 35.20374 32.66294 42.70744 52.97648 39.74254 64.09655 54.5496 81.41087 190.344 288.5865 116.2529 41.94695 26.8271 18.45084 13.0519 24.96206 11.93928 7.792233 23.36917 27.4927 13.70231 14.99976 19.88503 30.11644 29.16338 24.22565 19.04304 47.93517 58.36832 27.38956 23.57384 23.44909 42.63874 62.64969 73.96073 22.21249 21.4025 17.45195
113.7506 91.5999 27.40725 25.62415 18.03113 33.18795 22.42192 33.65318 43.76078 62.19173 45.29151 38.31899 54.85723 71.98074 35.21806 24.10241 24.24591 37.53003 39.74091 45.21739 146.8588 120.8238 208.5645 283.6431 249.7219 132.3888 41.60092 34.24157 39.14855 49.66814 24.21538 20.47894 13.62482 11.83851 11.91831 21.71521 28.06796 21.78013 64.91943 234.6975 308.6416 259.4298 35.44159 22.04695 10.90416 10.9415 6.290658 8.300597 12.36595 12.49112 11.63402 16.4923 17.60491 26.1272 31.1314 27.35333 19.96177 33.39882 33.61744 26.20236 28.79931 29.67035 17.59179 26.77325 63.34612 31.30058 23.95512 46.50464 43.20709
38.03188 21.10734 17.9909 17.42593 20.73516 36.7271 15.17625 23.2508 32.80417 29.21492 57.81717 41.61174 40.52586 229.2937 158.4389 43.4642 39.90105 67.27075 63.14124 104.6767 172.038 121.0606 203.696 272.0843 234.0986 73.25848 50.79472 40.27901 20.0643 30.35758 23.62349 14.46579 17.85048 11.77972 11.90838 13.24619 19.98796 13.82306 25.07894 43.85032 87.75301 61.28332 26.93673 15.52427 13.52399 13.47616 9.62389 12.02687 22.29214 18.32766 9.271158 17.28601 20.93954 36.31109 66.83635 64.27232 25.65086 30.82827 24.96352 23.39116 43.75248 35.9427 29.17949 38.78488 39.14707 98.69934 152.0415 191.8153 159.9401
21.19328 13.54907 12.31939 10.40584 9.598926 12.03318 13.06547 20.44976 37.25249 20.41536 21.56948 29.354 35.92118 171.2736 106.1403 51.42016 46.48769 48.33442 33.07875 30.89861 37.82112 24.94209 95.43639 110.3659 57.34631 36.01465 39.43902 25.31228 17.60512 18.26249 19.62752 17.50036 12.63252 10.22986 30.37982 25.18132 13.28644 10.14743 14.59115 19.78694 27.45658 22.66893 19.16805 19.49838 14.26588 9.271693 8.13221 9.949958 12.83466 14.27655 12.69562 15.00043 26.07277 115.526 260.0897 221.4169 22.20127 21.21697 24.71888 25.73731 24.09085 18.1778 18.69014 25.84539 34.55365 58.53513 222.068 1226.996 448.8372
10.32232 8.018387 7.45884 4.849363 5.523713 6.259435 11.75825 124.8804 115.6159 25.48869 13.50704 24.55261 44.6822 49.58619 129.1146 76.17283 26.20141 24.27082 28.48571 27.55435 24.08257 24.00126 33.3777 35.30969 27.78362 23.21822 16.32233 19.98218 20.1602 18.78123 18.31689 20.4514 16.30288 13.12541 23.98633 30.11313 21.5354 11.52493 19.25591 14.07797 15.17695 22.27143 21.79013 17.58935 18.41172 10.68908 9.147857 9.467002 9.253412 11.54273 14.7649 15.97031 17.49921 27.99632 140.1201 32.72617 24.44509 20.74129 26.35754 39.33427 25.58312 17.30898 19.10089 22.61726 24.46108 59.56587 176.1316 171.5582 81.35181
8.763301 4.318703 5.33736 4.548516 4.621892 4.994695 5.297892 29.21332 27.92729 11.58822 12.46238 21.96595 51.26302 62.93949 119.9543 72.30732 37.08257 37.50592 39.58449 41.37425 47.41493 140.8892 106.6864 59.75618 51.05684 28.03127 20.7056 21.41429 21.74814 17.4689 14.99919 17.52517 29.42024 27.4836 20.69898 18.75591 13.13933 23.25769 25.05915 15.56056 19.96671 28.81114 20.73806 12.56717 13.6479 14.02632 11.99862 13.8854 13.12848 13.25883 17.40583 15.79998 12.11219 23.90858 22.50788 24.72895 24.21712 18.22237 25.10886 35.65701 17.77062 28.03949 24.95065 38.55206 64.94071 39.38496 61.47905 77.6608 35.89663
