Models/Netlogo/netlogo5/data/fra.asc
ncols         408
nrows         288
xllcorner     -6
yllcorner     40
cellsize      0.0416666666667
NODATA_value  -9999
[rows 93 to 123 of 288, columns 138 to 206 of 408]
16.27374 23.40772 25.11679 29.37176 32.82757 66.07152 51.54568 57.31288 100.8564 124.6956 108.0347 101.3383 84.1538 94.87711 73.68951 65.25374 47.63182 46.20003 54.62696 39.77895 56.06551 27.77386 31.6391 28.77853 32.74941 19.54098 14.51396 9.675941 13.71868 16.32472 20.47074 26.30068 28.18183 42.45871 19.40451 19.16045 157.6999 215.408 120.8052 49.23162 23.31708 15.52331 11.41145 12.0302 12.62341 14.48678 22.24891 25.68595 15.76438 11.43185 17.55071 34.93837 13.46628 28.61843 63.18435 50.29727 35.37136 26.31275 39.18912 45.84156 38.5178 28.47648 55.21067 36.42328 47.50607 45.383 29.75087 24.44013 22.3403
16.60828 17.61719 19.84863 21.26796 28.21061 25.56243 48.04634 71.35339 104.5918 204.1367 195.8383 238.0802 167.8195 128.2605 95.89954 133.2179 117.4374 120.8176 64.12209 56.89283 47.23738 26.75344 42.00886 51.17677 47.53509 19.83183 15.16071 10.96901 11.32093 10.72519 11.69222 22.4112 23.30381 36.45545 17.62557 32.96957 111.8728 242.0771 400.5282 57.41939 14.64754 16.39538 12.79247 10.57367 10.59758 12.2838 101.5087 32.52504 27.01033 27.92779 67.57823 77.68833 28.35774 31.74562 47.58606 122.5655 44.38128 33.42316 29.00758 22.74742 34.54513 38.22436 47.9879 61.89734 82.88842 36.06663 34.96338 44.20198 45.6512
24.14628 21.64083 65.75708 38.59212 27.68653 29.67141 42.14545 67.32779 98.0106 924.1136 2024.192 1637.957 189.9801 190.6375 145.5908 70.60979 72.45871 71.80053 77.30742 47.8882 45.63613 33.34487 32.24883 41.96013 33.19748 14.12921 14.23854 28.3824 14.25762 10.50645 22.6937 33.94032 18.27258 11.02088 48.68546 60.07931 43.29188 42.84062 16.59437 12.34684 14.858 16.96118 11.67859 8.343487 14.90916 18.35059 47.77 28.25592 28.67614 30.36674 56.72744 53.66685 51.23076 35.95935 32.57481 66.76893 58.30307 40.37235 19.69495 13.00367 26.74841 30.03873 46.28707 30.97698 32.21507 21.07273 57.58171 41.199 32.69032
76.37888 30.05434 75.05897 43.92811 29.61658 29.90056 41.41355 118.9023 217.5467 765.4711 2693.661 2221.781 170.7721 145.0729 107.7475 63.76272 38.96788 50.38093 62.09264 62.03255 31.30119 20.51925 18.13691 19.62931 21.60033 12.50821 12.15594 135.6832 17.49871 13.81909 10.84111 10.28277 9.448759 9.5484 45.88419 87.70118 40.67229 24.83147 28.12752 11.99593 11.98174 12.09736 12.04251 17.73384 25.20135 19.87441 17.41712 24.0529 50.69884 77.87329 172.2497 161.8803 146.2785 43.49241 83.2607 81.43876 82.38021 40.90291 11.59285 10.38934 10.77831 17.46849 18.45257 91.47077 85.92919 19.52329 27.1776 29.98066 57.00003
25.17031 22.87335 23.31665 28.68899 33.58402 38.98238 54.13627 76.21724 175.4151 385.4902 873.3683 984.4973 215.8663 97.97533 72.95303 62.83684 41.20326 30.44962 25.18786 27.50018 25.53203 14.61363 27.6597 74.53033 99.215 19.16628 21.32136 28.79666 21.80393 14.25886 12.65201 17.7573 34.11679 27.30646 36.44004 30.27615 19.35381 12.73646 10.48926 11.33144 16.08737 14.43904 27.15596 25.78694 25.49383 33.94403 27.10946 18.45737 73.01644 239.7515 723.0667 1628.302 1609.104 670.2191 269.0467 112.3119 89.84907 110.119 88.09965 36.00643 39.42581 26.43928 14.33047 14.36013 17.65074 21.16634 30.51826 32.85004 42.75249
28.66312 27.28233 27.53619 36.36246 37.12798 57.99981 127.8719 96.49741 106.3493 190.993 197.0524 204.0583 166.3841 89.52257 69.72758 69.29622 58.90572 34.2562 19.68386 16.36823 15.07611 17.05487 30.88253 69.46194 50.17759 27.45293 28.9843 25.86465 21.19683 21.01464 15.40156 24.22042 35.87403 32.21642 42.64253 40.12379 23.07942 13.02668 8.900538 9.344292 15.93084 24.58203 49.67458 44.42741 19.99218 23.69099 44.70399 76.47201 160.0597 572.3696 1094.902 3387.414 1723.838 681.7767 394.8349 183.462 106.6317 105.6027 124.3196 146.584 127.3604 56.53164 27.33472 18.56351 25.7519 27.92141 48.56206 34.34115 22.37531
35.42658 25.9204 34.32509 53.55569 49.48553 40.45176 105.4381 94.94617 84.38069 81.26772 123.0959 118.4934 131.5163 71.11157 46.50952 43.80838 45.36276 50.89825 34.6291 19.30803 15.47454 18.16864 33.66585 58.9363 40.74361 31.8275 33.40112 32.94413 34.42973 32.47096 55.70481 117.2155 50.21032 49.50811 20.86282 20.80434 15.79586 20.37739 11.93468 24.33843 19.07021 13.55056 11.0516 17.41506 22.76624 61.5625 191.4231 224.7874 149.454 199.0617 507.6948 929.8788 1872.599 189.76 90.72292 145.3872 209.5437 176.6192 114.5023 97.87631 43.47234 37.63871 33.8503 30.14646 46.75362 60.44354 47.58622 19.07262 13.50212
49.59016 43.42749 44.24706 66.2144 71.20901 36.11065 41.00705 61.81249 54.77567 69.77043 47.6772 48.24842 128.2533 103.3207 41.64268 27.37425 26.23604 28.20096 25.58742 24.22527 25.37268 29.46211 58.56601 95.38698 35.68953 19.7964 30.28405 36.03853 35.96246 79.81812 357.5389 562.6606 103.1681 24.59621 19.11679 12.64398 27.83906 45.62789 13.79725 24.33366 11.91243 13.4984 31.47921 35.41829 101.3663 172.7999 177.9464 116.6687 129.4041 26.6083 27.37389 29.99677 1174.135 71.2464 73.09783 58.11887 54.85702 51.27463 41.78045 42.48827 39.67344 88.83302 62.93271 54.50846 60.3993 65.07764 28.06704 11.54669 7.926596
40.03493 31.31368 33.36632 37.49284 33.77982 28.68615 27.64971 28.39509 35.38159 55.4143 41.93705 46.38989 54.86239 54.37651 29.55809 19.73696 21.40702 24.15756 29.81951 45.44897 32.6872 43.62257 38.00047 26.33442 23.766 73.43454 129.0985 91.79189 35.5536 63.45537 81.09093 218.2645 279.7939 32.97955 29.20815 24.71408 9.852259 13.72198 15.41984 11.74386 15.31551 20.92757 28.74181 46.12432 113.4855 360.5318 52.24457 50.86323 45.49577 25.31775 18.06167 20.43006 68.90763 40.38207 32.73997 30.92805 39.68035 43.44988 42.79023 37.92402 33.68876 106.9948 115.6224 102.6373 51.8143 67.46663 33.67185 23.47413 23.34076
37.18179 38.59277 48.85351 120.9971 137.1555 57.02213 36.96438 29.5096 34.24689 37.84751 36.53944 35.40751 49.47254 32.40048 29.13435 45.07213 146.8611 32.33276 33.35851 87.28548 61.72573 17.04487 19.91874 17.78162 17.81928 16.1217 68.46704 29.0493 17.60434 23.49216 29.31128 14.69856 15.68122 16.21101 19.36156 24.37399 20.30295 16.15244 18.37768 23.48792 22.2943 140.5259 128.9704 41.17096 56.24252 62.07035 55.48727 51.01117 36.0595 24.46878 40.96252 65.55858 79.91985 59.57531 27.25047 26.59749 19.90909 21.68219 20.64173 20.56717 21.64897 24.50485 105.0699 85.67814 19.21875 15.15387 24.27016 30.42216 61.2527
52.19627 39.35944 60.32734 191.1241 195.1435 176.3615 62.1426 30.18808 54.07718 45.4968 41.35627 57.72292 63.16473 47.82115 37.70855 107.5421 223.6113 52.74828 30.22135 27.07549 15.45882 9.706515 13.20682 12.64187 13.5687 14.81774 22.00341 19.71641 18.74473 30.9894 42.3915 21.40596 23.03354 19.62821 25.12223 42.36166 28.3257 24.62785 30.53071 29.57711 37.395 74.09854 150.0251 69.83767 50.18894 18.08156 15.55006 25.28974 19.5813 19.43048 40.0705 64.7974 69.60304 63.30325 23.09821 21.28839 11.29423 10.69396 11.76372 12.83903 12.86517 12.19365 11.28827 13.65513 11.89523 12.11744 29.10988 43.92578 120.9602
70.31597 46.23067 35.86585 58.56318 89.42928 107.209 19.28342 20.57088 49.01989 81.94131 85.77854 38.78479 29.60026 28.93185 24.74961 31.20817 30.24166 38.99388 24.16831 19.95489 17.46164 17.50683 16.11465 15.56498 16.02222 16.66572 19.24175 21.57753 30.08012 14.58363 10.47629 11.66305 11.84752 25.89766 32.36666 31.12466 56.05789 107.2865 68.82933 88.74228 87.61813 98.37228 55.25234 31.38964 19.99346 16.42912 15.26958 12.97747 13.4854 14.47758 11.35085 12.79699 17.20847 18.36284 15.12765 13.77628 13.23173 10.18209 10.32826 10.79893 11.00325 12.33862 14.26195 15.27034 16.17059 27.74602 29.04594 45.13293 58.87624
30.91536 24.57029 24.79065 32.65466 26.55209 10.60859 8.916146 10.77177 13.8244 22.64515 25.66401 18.85755 16.4192 15.00724 15.50127 21.61605 36.15074 40.4646 27.11554 23.17239 23.67537 19.50746 18.68489 19.1228 18.69664 22.61117 23.19666 295.1572 148.7454 15.96646 12.14282 9.047494 11.11735 57.59479 50.79969 76.32796 384.4739 971.9712 718.5005 252.8842 117.8167 62.20332 3.690324 3.800283 13.39537 25.7934 26.08621 15.40839 11.48699 11.90243 11.6928 13.61845 13.72554 75.84869 152.9098 86.49163 12.72651 11.19393 10.50441 9.699865 9.294085 12.8677 14.72006 21.78935 29.80354 28.59327 28.31352 23.84182 20.79033
42.22827 27.35096 61.55064 159.3203 19.52653 8.872534 9.480278 9.88687 14.37413 11.39769 10.32112 16.30687 17.59433 31.04851 26.90502 23.06203 28.31578 30.66482 41.90836 41.3984 35.70774 32.63036 26.13379 26.00553 27.13153 29.98904 32.65781 40.16986 38.24619 27.02383 18.60448 18.0425 12.63752 28.59474 43.4527 61.99158 897.8845 816.4084 464.1924 243.9408 105.0378 92.12902 61.4403 57.34487 9.642494 21.4274 23.03796 16.31383 15.10327 16.14462 25.56512 13.20773 12.39235 21.61813 26.84462 26.25993 11.88955 9.822801 9.56034 9.26777 9.32883 12.85815 20.45167 35.53996 37.40655 32.56163 19.1827 18.41681 18.88708
37.56124 37.37732 42.77167 103.5418 32.0457 12.43478 10.41869 30.50531 46.89775 39.53283 13.78147 13.6387 16.02916 47.33788 52.40322 23.5837 22.91376 23.21371 37.50062 47.99808 49.14987 56.17548 58.90268 31.18628 64.99621 63.33525 38.96802 35.46787 35.95016 24.61555 23.96574 25.28544 21.05557 78.47422 78.68256 80.82828 92.77644 124.5126 94.52649 97.51758 81.76205 70.31947 43.9443 11.90838 10.35762 10.36952 11.745 12.60721 16.70483 17.03915 34.70672 11.84407 11.84407 18.40726 26.78323 24.41061 12.97759 11.52852 11.44073 8.980966 6.593208 7.153081 15.4672 52.84494 67.58196 32.68587 15.26332 16.36816 14.19217
52.88545 52.80669 40.95498 34.30003 26.30551 19.77008 17.6856 17.32951 35.06705 23.8909 17.45564 19.3154 20.27418 26.49255 24.43273 27.35165 25.88122 25.60516 39.39904 59.39372 71.67478 76.2534 150.8217 184.187 108.1654 91.19621 59.10923 48.03392 32.37306 41.49749 56.47214 36.34789 62.20082 52.0135 64.13819 49.02769 47.46816 71.46103 55.66621 74.49993 34.97599 42.44215 31.99471 11.61349 16.61054 14.68919 9.06071 9.364296 11.63485 12.66437 13.31257 12.80751 13.04676 12.62162 29.40076 35.8898 12.34268 11.26424 11.16311 9.847929 4.672569 3.917883 32.38976 93.61212 96.8378 42.49965 12.22207 17.59097 13.45871
144.8829 133.7208 39.44772 61.24088 68.81117 42.38316 24.26074 24.80068 29.588 35.59496 22.0251 12.42336 20.42751 38.81637 41.34652 31.37533 26.93575 39.79194 89.79832 173.6606 285.0489 642.7608 1980.077 1024.325 162.6017 120.0079 84.37425 65.07961 156.7779 161.5135 116.395 61.7819 39.69865 24.50552 30.31934 31.13763 31.64128 39.88181 39.34975 48.24863 66.852 75.55291 33.85105 26.8814 22.24619 13.03082 3.875011 8.590775 10.96687 10.32998 11.93583 14.30002 20.79356 28.37552 56.07698 57.02986 30.93835 11.14099 10.19246 10.44208 5.486437 5.309914 4.378182 4.775407 24.90047 23.63414 12.14298 10.44568 11.35048
97.26345 91.10776 68.49153 72.0082 65.64948 58.29377 45.17599 41.79641 36.73916 20.71748 19.31541 12.4069 16.35605 24.20437 30.73696 33.07606 30.16303 48.66701 98.02889 167.1704 369.2717 916.4077 3682.553 1925.313 603.5683 278.7698 242.9495 159.0472 152.7981 275.7968 238.3935 88.43109 16.68349 16.4504 43.26887 28.77296 32.58304 39.85599 48.45378 48.31258 59.43964 42.25648 35.48505 27.61287 19.87562 15.30074 76.41779 367.101 246.9212 9.820454 8.435963 19.69743 21.70785 35.28971 57.02986 57.02986 36.00677 7.416121 7.138563 6.667801 3.23816 3.125454 3.23715 3.762053 15.96235 11.23339 9.993435 8.427169 9.545692
76.47112 88.69241 75.08346 68.66321 49.49355 51.32658 47.30243 22.8049 24.95343 51.89245 57.46021 12.16827 12.89694 49.12428 64.36135 61.9471 113.105 98.61098 91.28343 154.7794 299.4052 1091.77 2070.892 1158.272 434.9734 238.4487 196.9541 112.731 92.4388 123.4771 130.8539 79.0537 47.83115 70.82639 217.0343 71.01472 41.20444 45.98401 27.04387 31.25898 22.09077 23.51264 22.01023 14.11105 12.23537 20.98795 58.12113 285.64 283.8336 13.39477 16.66883 23.44411 22.39367 24.08789 32.7109 28.25531 15.68221 7.022293 6.970596 10.10351 14.62241 9.900372 4.717025 8.459554 27.59435 11.57481 8.77104 8.184851 7.664385
50.80814 45.68162 80.20976 231.1597 180.218 71.86208 70.31976 55.05822 43.83872 47.46284 96.83897 46.31194 44.961 32.7374 46.695 71.74169 81.18282 55.46299 45.80833 127.8951 356.4864 901.4244 592.8208 353.6122 178.5723 124.7712 100.3192 61.11932 93.43925 141.7944 113.822 62.12995 78.90385 87.89661 72.81957 52.39895 43.12696 49.73516 50.36902 56.01583 44.26437 33.48104 33.24525 47.55878 40.20798 45.42356 52.6041 77.22614 116.0895 24.6515 32.15524 32.16175 32.31808 18.44322 13.49013 13.49013 13.71222 10.20671 9.255326 14.10639 17.34305 15.08351 6.760298 6.760298 9.559559 15.79845 51.28151 36.30813 8.661803
31.05423 25.33783 252.2 454.2342 444.3031 151.6265 74.38706 64.3016 54.91866 56.26634 105.0103 65.58215 54.55636 39.88317 42.60842 54.10367 79.73447 97.66012 65.88779 81.48621 134.3368 229.7161 191.2022 213.432 141.1902 116.3182 139.6499 35.63501 17.34329 17.74317 47.36502 19.27797 22.73456 33.33285 19.53281 13.15562 29.1497 47.65289 125.4173 120.6291 78.30498 54.75128 107.3133 153.8325 107 58.97726 58.29 56.47448 45.6447 25.42129 29.14341 35.23545 32.55408 25.10265 94.01447 299.8555 245.8453 9.373345 8.65323 8.985011 11.34987 16.00337 7.064474 14.39662 23.33988 39.39436 41.16771 27.00055 15.18499
21.7197 44.29491 63.84962 202.315 353.538 239.1151 70.11073 79.91936 68.46259 78.14288 120.4433 80.96309 52.68296 26.56917 26.1563 28.55868 25.80898 48.70933 45.911 37.1469 36.89302 63.1086 45.29382 43.71353 43.15474 37.62102 42.14939 38.53671 39.14174 21.44763 17.29283 18.36533 20.3663 13.30635 10.81608 11.06364 12.71404 106.675 51.58058 27.16237 32.9491 40.66192 44.00674 31.61812 42.43745 29.63023 35.74677 31.7585 24.36208 15.11939 11.4465 13.25645 27.55405 31.49468 254.0743 398.2615 397.7893 205.989 30.40267 9.34984 16.55073 17.85188 46.09093 47.04909 33.61558 43.50177 27.01172 29.39887 22.07675
112.0186 26.79633 58.305 57.97518 111.7394 71.24869 62.73647 50.55499 30.84229 69.2054 147.8542 206.083 171.5981 25.26155 20.72491 19.0618 15.92896 18.08714 25.35103 24.85534 35.15698 50.86214 42.7369 35.48902 28.55727 27.85781 30.55542 28.82524 34.2497 35.13568 21.58243 20.70717 22.64448 19.41253 13.93614 12.08592 11.42276 12.65522 11.78221 10.55986 17.4349 21.08165 24.63072 43.10151 30.76872 16.37285 17.01498 19.90466 10.56968 14.24394 25.75744 21.99459 23.84361 36.40295 62.81104 168.8179 137.2898 99.00146 67.10403 36.06446 24.4658 36.86123 57.7192 71.54745 66.99072 42.25946 40.49668 114.4414 39.0118
53.71713 39.90698 80.90824 77.43409 50.60206 15.29562 12.42888 21.90446 18.24997 28.3536 38.30552 162.1821 130.7391 30.72593 20.36512 24.22779 55.23141 25.56354 22.55787 22.80158 33.02326 55.79919 57.58986 18.35861 18.97247 28.06434 27.55137 19.08943 28.88322 119.0908 160.8158 29.08653 19.46644 8.670078 37.19033 18.49501 14.65548 12.48894 12.15758 15.55459 22.8201 22.2168 50.90705 54.82104 42.98223 17.97281 15.51198 10.7792 11.04936 20.17473 47.4693 24.02946 21.71156 27.88782 32.9528 62.32336 19.8528 36.8581 173.9296 195.2523 95.82546 44.1272 138.5686 138.6995 127.6988 42.19054 38.07096 40.07267 24.50549
61.61407 54.01257 60.53676 68.37907 38.2114 30.176 27.14421 24.42116 15.96059 19.47544 31.77694 26.26085 35.38531 26.54935 22.02163 43.43426 87.20045 30.33175 37.88293 45.41014 90.63564 77.67482 39.3975 17.77719 20.08768 20.81032 13.60367 19.92252 121.4148 156.8846 85.89457 29.36188 12.05085 7.642875 8.54232 9.050435 13.66412 18.82863 27.73579 26.09055 24.78572 19.17496 16.56056 16.20167 19.00354 14.19768 9.042038 9.061567 22.86335 16.53134 26.94404 17.00072 10.46013 15.6542 41.76888 28.92096 19.42255 29.38752 59.22124 89.04565 46.07664 81.12285 429.7896 870.4674 749.8589 215.3394 81.35213 24.15636 17.9298
50.3024 57.07294 29.51849 19.39257 22.33722 28.47282 25.42937 39.57342 30.0171 25.68673 26.18038 19.86936 15.01471 37.71965 36.27638 35.25307 10.86054 23.31667 39.73197 56.6633 45.54792 31.26014 21.73389 15.89765 35.06371 48.06323 32.52019 21.25294 17.76473 32.66819 22.86983 18.96419 20.79051 16.68626 9.036342 7.148296 7.424768 21.17776 30.52782 25.18436 15.64988 14.43776 14.72761 17.49755 15.73169 10.57793 10.34748 8.486856 13.17435 55.57669 45.88992 6.076598 11.62545 42.4795 44.56506 19.14202 11.49448 13.52119 17.53382 21.03334 46.3131 251.5529 962.9952 871.0026 1032.896 195.8396 17.07218 22.90204 27.042
90.0761 68.46541 39.16755 25.52472 15.45308 18.57527 21.1281 140.5972 150.5115 57.14576 21.96973 19.85745 19.46893 166.1331 26.95069 17.35939 14.80411 15.62795 32.28848 58.24286 63.57459 47.44487 62.36926 44.65154 23.67425 46.68986 35.98383 15.80122 13.91484 13.38998 12.01337 21.94672 24.53175 19.3492 42.60348 26.72708 5.903928 5.636888 9.988944 10.7702 15.275 11.94445 11.31395 11.4896 23.15265 12.5993 6.089446 9.17403 13.76894 33.09245 9.119605 10.86943 19.20148 39.47777 28.67313 10.59559 14.85916 22.91094 18.29785 30.36666 128.9603 45.05126 254.7365 84.71574 195.0014 54.2019 26.42233 17.00621 35.82445
345.3142 527.8039 52.87608 34.15543 29.72104 16.69253 23.35784 53.16588 89.32982 96.85806 18.38888 9.135181 14.85554 24.39825 20.31926 18.14001 18.52079 20.03213 23.07908 29.67909 58.66362 82.25436 93.95469 82.07494 16.54818 10.72738 11.81846 12.40691 11.81541 15.11301 20.00867 19.44174 28.91911 65.94657 57.78111 22.57381 10.49914 18.14569 17.29056 27.2322 29.6562 12.80957 7.229253 11.42542 50.81658 51.65769 21.46237 9.09397 7.963525 7.625279 7.008969 3.522197 54.34108 112.7449 172.6251 63.78352 36.75401 46.43718 24.3641 204.5267 172.0044 36.42043 28.97605 16.83333 31.79068 33.09889 24.51476 16.31987 15.30632
77.82872 41.43795 40.4494 28.48873 23.61373 21.6633 24.361 22.43134 29.02941 21.43692 22.97481 14.72435 12.57198 14.66152 17.24071 21.20527 22.69415 24.14475 19.25232 65.16953 83.95325 68.8731 35.33005 36.23391 29.30432 22.38023 16.8169 9.937785 10.56563 10.23726 12.10893 9.926293 7.363924 7.946398 23.08065 31.08172 24.33508 21.29637 31.34226 48.49628 30.18346 15.38547 12.06401 8.366088 25.13426 38.82036 23.03935 9.890901 6.831721 6.247902 20.09132 13.62932 52.75469 313.5439 218.0978 37.84793 11.33961 12.72165 16.64568 38.37861 44.90908 22.53525 23.9468 44.61649 25.69777 13.02712 11.86286 36.44119 30.81719
70.78468 55.85225 19.89061 20.87195 22.89695 22.92907 22.42949 17.97192 15.51003 16.92415 31.26196 14.05568 23.32856 18.39315 21.68514 29.81748 33.53926 35.01608 38.58989 61.08063 59.28542 56.25314 26.94665 28.41083 18.62255 23.08536 20.40038 11.39589 21.65561 9.976882 10.06717 10.72646 10.75674 7.698323 8.786915 10.82144 11.1172 19.38774 33.39858 74.13183 65.55676 15.82512 13.09619 21.58611 20.88117 25.4869 26.66359 23.99352 28.40175 31.95763 27.08971 19.45111 12.88166 18.08844 26.29939 9.184648 12.964 18.20021 16.77491 13.96971 14.38099 13.86157 30.8676 21.96523 17.15735 21.78966 58.97049 80.39121 30.4638
29.26668 52.46617 31.45499 31.60756 35.02895 17.27864 21.20562 22.01045 21.66163 17.45815 12.6711 14.85061 19.90084 35.83106 30.70866 43.42131 51.27175 53.16412 233.8208 253.8112 63.10215 27.15921 16.30175 14.14205 25.34 15.89315 13.33149 10.96688 56.18996 11.95289 15.55753 16.33218 15.02398 8.962753 9.292515 12.57658 11.78712 8.007024 10.56792 69.4135 47.33115 32.57787 38.85724 39.25172 32.20288 90.93732 216.444 101.4021 46.47931 32.70744 15.74294 11.07702 9.323362 6.818092 6.286507 10.59104 19.69632 20.99581 11.09641 10.31636 22.76361 45.8488 46.64984 8.360649 13.03249 6.655556 14.47461 19.47576 37.98971
