Models/Netlogo/netlogo5/data/fra.asc
ncols         408
nrows         288
xllcorner     -6
yllcorner     40
cellsize      0.0416666666667
NODATA_value  -9999
[rows 62 to 92 of 288, columns 138 to 206 of 408]
-9999 -9999 -9999 -9999 -9999 -9999 -9999 -9999 517.2656 75.19678 123.7373 290.8404 217.6796 66.31098 46.04187 62.78469 30.76006 27.44053 54.25891 48.04736 59.70833 49.17435 41.99973 115.0789 72.77266 66.33115 65.24485 40.03577 70.34654 145.8718 1150.271 2052.885 2284.462 598.2583 381.1785 180.1633 118.7002 77.17293 139.449 113.1967 40.82986 26.50522 26.82961 19.37271 18.59244 23.91291 31.82728 45.13968 73.42244 90.23467 57.92933 68.41248 56.2836 91.85352 116.9696 269.3335 489.7115 94.81257 108.4444 171.7592 139.1206 39.78014 73.95245 474.912 355.923 116.4519 75.40215 46.64317 49.74388
-9999 -9999 -9999 -9999 -9999 -9999 193.2193 542.9264 501.3156 71.10275 23.74548 45.81898 58.78812 65.48675 112.3232 74.77989 61.70437 183.7999 433.2983 255.4549 62.81818 48.46623 44.97678 63.17898 73.63871 160.5526 78.80484 166.5466 179.7129 322.0124 562.5927 697.8779 764.806 216.8737 213.9838 147.6424 143.0627 62.4828 196.6483 84.70694 36.75547 29.32613 28.85028 28.50175 44.59633 38.35302 35.14943 39.96446 101.4786 79.5492 37.9923 32.69967 67.64352 97.4633 74.91546 50.3425 69.99982 90.38007 120.9365 179.7402 140.9429 111.8168 70.29254 382.2893 384.8048 264.1429 121.1307 80.88246 161.7798
-9999 -9999 641.5991 695.5586 296.4987 116.925 202.3381 76.16811 76.16654 55.36478 84.63704 40.24682 38.62787 65.82765 72.67843 30.96675 38.89067 54.16991 56.51703 102.7815 65.92463 67.12133 67.71574 41.00618 62.04858 89.08369 117.2079 152.7858 181.3766 244.0206 944.8151 436.6356 152.2899 266.1754 241.006 248.3569 114.8182 55.71935 32.25601 41.45578 42.60973 41.29266 50.45883 50.20526 137.8353 118.3564 69.61025 131.4595 127.5041 82.66508 35.43649 39.18985 43.28481 76.14494 56.96299 67.58887 75.9463 66.71169 232.4873 97.33575 178.6027 374.6997 177.7984 162.147 545.3942 580.2294 350.9184 226.2682 589.8932
336.857 109.99 187.5679 333.7824 198.6697 34.91732 28.15782 31.0157 46.73673 41.16324 284.1372 38.58291 28.4597 36.1077 36.80156 85.4802 40.96876 43.29403 31.177 35.73373 36.51064 59.71531 72.69574 36.61591 70.63715 53.92031 72.26276 135.554 238.8303 702.3892 1330.885 484.8816 54.29191 245.5893 418.5358 433.6087 145.4704 40.67047 37.17926 137.5414 155.4618 69.58499 46.07195 43.579 45.40481 37.92487 70.88927 148.1898 537.2037 146.8132 118.7029 127.83 47.74035 62.9946 53.17208 53.913 177.2421 426.2961 251.6114 142.0093 107.3165 122.6291 180.7077 230.3127 1155.1 2247.901 442.988 183.8348 351.8696
146.1483 106.367 68.99235 19.44979 106.8455 68.93489 37.23091 42.73707 46.78063 42.1942 62.33169 62.96949 52.96199 43.80915 44.4509 52.28458 22.85195 51.90675 47.81802 34.62298 41.10413 33.89411 86.70138 55.89344 38.15486 54.57993 59.55162 83.86588 126.6916 136.2751 97.13081 124.1539 221.0482 652.1503 475.2094 295.472 74.14909 48.54398 38.69064 123.1103 208.6231 75.84995 29.41524 38.53262 76.9956 51.9606 47.18737 41.75856 36.98215 42.27793 31.97326 42.10097 50.10954 72.1413 55.70045 127.5652 253.6945 439.5778 157.0915 108.9728 172.318 239.0106 207.855 316.3619 371.774 862.7906 288.8284 359.7648 267.7736
145.2434 239.1903 56.28965 15.40357 21.30353 16.99795 22.66664 23.56617 22.85326 31.33481 63.28165 117.2756 38.30811 53.4409 60.14487 34.95778 23.94932 23.85189 27.29823 33.04471 30.38748 31.35501 138.8167 171.6589 59.8472 33.67809 44.17795 66.50935 58.23586 42.50495 41.37105 61.98699 78.79487 184.0442 196.4052 84.6057 81.5459 197.9061 265.388 111.3133 56.02584 46.15895 54.817 56.59473 31.74153 59.78911 56.62747 54.85346 51.44887 149.8621 49.66101 48.89985 48.07521 58.48639 47.65323 53.59317 55.29424 93.91224 198.9764 334.7389 337.4022 215.3829 250.1938 417.5475 430.0877 546.4727 135.1147 247.1293 427.5562
134.5505 107.9003 171.3683 38.21095 45.73243 14.00305 46.14655 44.59917 42.0178 63.42726 102.7598 1209.253 479.1298 65.31319 45.23764 37.58748 90.36249 44.15885 39.08383 39.0316 39.36262 44.01811 56.48009 147.8307 68.4367 40.53337 83.2291 231.0004 84.95916 35.998 31.03055 33.62123 66.41584 98.49062 79.90943 81.79884 56.80506 218.1116 284.1126 153.4907 76.89369 80.30709 55.21189 39.83193 62.3131 71.03595 62.46762 36.83976 100.4694 232.255 100.6028 69.51959 88.5024 250.2063 53.11859 47.70942 60.85522 65.18795 250.4261 528.94 1055.557 673.9687 260.7703 401.8691 510.6036 454.6061 282.8281 120.5684 50.4301
73.8632 93.20226 85.65818 79.68737 129.8464 22.16934 57.87992 31.12431 23.02403 32.50928 46.82854 103.7615 92.55907 71.33263 37.88326 27.17124 52.41218 42.58099 80.83464 312.7396 252.0607 166.8329 88.41129 127.4034 63.60359 54.50522 42.51833 41.10317 48.37805 35.63413 37.7117 44.01857 59.88124 90.87504 80.97689 65.54405 69.92439 63.53537 86.56929 118.9849 352.6373 581.783 395.289 89.20264 196.291 60.69726 30.31295 45.83686 39.35444 31.68833 35.11955 62.04676 108.9847 113.7817 125.9386 107.5709 94.51875 233.8024 404.6089 705.3393 339.5037 258.8219 256.051 239.8415 198.0429 562.872 677.6141 264.5338 80.85767
53.86702 45.32431 42.20877 133.2806 172.6267 33.17968 31.02043 42.40974 31.80886 23.65245 31.37802 31.67666 41.64598 92.47369 60.45861 42.46225 28.98627 30.33775 45.94159 93.15665 138.7366 76.99988 29.67846 63.52774 74.16493 49.3502 29.6975 38.77691 29.21634 36.42819 50.30118 63.0132 115.2216 275.3058 174.4655 52.56479 68.62261 60.53334 104.1103 80.49634 346.0321 471.6732 175.929 191.5984 228.8021 111.1029 91.97723 90.72552 77.36025 81.6953 95.53996 86.77206 96.39254 221.6776 1318.608 1900.994 1869.296 955.1096 796.3398 488.4584 209.1046 545.2181 443.3893 114.2574 105.136 396.8888 483.1064 201.4257 156.2523
25.93029 36.75708 38.09949 30.54065 158.6049 170.5498 32.65073 31.93639 30.69363 82.33378 62.8431 19.82717 32.73306 34.71059 77.12962 141.2759 61.81577 23.42199 63.45383 32.26352 30.03001 25.93431 34.35121 33.96397 50.57238 29.21193 22.82655 24.59635 30.348 60.11994 106.0768 232.611 963.025 1862.89 670.0691 71.21477 79.55747 50.31072 119.5405 289.2787 105.3032 73.41307 58.1482 315.5771 230.8502 266.1287 1108.755 607.1421 131.9662 251.8668 282.4501 522.265 694.11 790.8064 2557.246 2404.643 2973.358 1302.908 1863.463 2558.702 1470.884 1604.884 1701.643 2088.567 1252.433 1636.879 334.4018 264.1296 137.0292
108.2118 33.11446 23.88007 28.8732 37.4242 24.46478 23.15961 21.03292 28.08816 57.05708 51.91096 15.47388 14.42327 19.06484 15.97719 17.24395 29.58987 21.41134 44.313 18.50185 21.07561 23.36466 26.31249 15.28294 38.70487 25.46006 23.35583 55.53702 130.4722 76.08703 124.9954 124.7341 198.3649 357.0251 147.3979 63.68624 83.99174 40.22265 39.2701 59.40806 66.29845 64.39942 73.33729 131.67 133.8563 305.7354 2038.304 2069.118 614.7175 626.237 680.5484 1377.242 1387.713 1296.033 1432.388 1884.723 1647.962 1411.397 2756.317 5021.542 5872.159 5115.896 4574.044 6495.805 1475.306 1940.837 1967.278 1532.315 576.5646
43.63478 64.96575 31.50088 29.73576 23.01132 10.46221 18.28098 21.24214 14.54932 27.36411 141.7404 125.2551 31.69562 10.76844 11.78601 15.1361 24.20127 42.33811 16.51038 13.72225 13.98722 33.40943 26.13442 25.87588 25.7187 22.56778 20.99021 68.45444 136.6815 39.50154 44.1335 41.30405 56.41103 63.20902 58.97937 65.6433 59.8293 47.64845 42.02454 64.61816 145.9576 54.90346 98.54813 104.3289 68.2996 61.34138 147.9856 142.7164 205.646 398.6662 621.9393 281.3783 334.767 595.8377 1844.567 1624.348 883.9732 3153.454 5559.643 6595.747 7346.445 6083.318 6942.122 5629.717 5839.934 5537.917 5495.232 3174.856 1775.475
111.0679 514.8463 48.86839 34.39789 22.56691 14.74076 12.35834 10.6597 13.46867 22.27409 68.99073 24.78704 17.00971 27.77705 37.42761 15.36355 15.11384 16.34663 13.33282 12.71919 13.43121 13.35378 16.08502 57.43741 26.03152 17.59757 35.02277 21.5308 22.39587 22.87176 19.53926 53.71023 42.77638 35.89927 30.2588 41.89441 149.6277 61.40968 58.94358 173.0149 244.368 115.1375 66.55711 74.84794 59.98036 72.13555 159.1858 63.68129 74.31251 210.3142 277.8097 141.2603 168.6795 632.783 869.1877 963.1251 2598.494 3868.5 5246.779 10359.96 17073.77 20269.64 22032.06 17424.71 8071.825 7627.316 6027.589 4483.046 2312.198
31.88392 33.00151 27.09772 28.61761 26.63993 18.74095 47.42146 67.17929 11.77174 11.41756 13.36812 13.11025 11.27848 16.0239 12.55277 12.47321 18.17244 22.624 36.46962 15.94098 30.97106 11.96422 23.25937 24.32443 21.72061 18.77393 48.27455 106.3436 70.40161 28.61946 26.92902 77.40504 80.53192 30.38023 28.74079 33.14371 30.55812 52.71738 120.0572 206.3018 288.5536 76.13918 47.0346 55.04572 51.70704 84.14989 127.6531 87.80814 95.88181 139.1517 344.9533 278.9402 127.34 332.4146 566.0529 1128.934 1908.926 3603.83 4920.14 10387.31 13953.9 17743.35 23482.37 24133.23 12315.59 8842.654 5418.632 4389.645 3153.102
12.65199 16.78754 27.56525 35.0638 29.48943 32.4061 33.19657 24.47087 42.10015 17.0384 14.86922 10.46296 16.12301 74.10733 11.47048 11.13865 11.76566 19.0802 34.91158 22.54981 22.0428 36.63522 154.9852 53.17245 31.63987 39.8191 47.81076 55.34648 41.29534 29.73777 12.90059 19.05106 23.99272 30.33223 39.98148 45.88362 48.96567 58.2306 102.2468 73.15699 61.42673 60.70395 66.90837 69.01089 185.0844 131.2052 126.9161 100.4525 246.8711 148.9868 136.1433 571.7646 1552.735 2294.457 1279.449 2223.476 3264.072 3661.537 4030.447 6717.396 11151.18 15129.9 15865.6 9945.87 9022.467 7167.08 5975.865 4583.773 2546.549
48.16809 23.17372 20.9735 24.31425 45.25117 267.5935 45.47517 16.31816 35.27377 19.31572 20.90663 10.90471 20.84318 86.86499 13.01601 13.38771 13.39375 14.765 40.47463 85.34082 313.4775 142.2105 52.02 43.81804 33.66405 58.63354 39.25041 73.77316 79.61771 36.08401 53.27433 40.60183 39.71194 95.09636 242.6806 157.2545 172.4411 281.334 733.3628 253.9434 91.25876 67.38148 63.77203 74.95904 116.7952 75.2842 69.8457 31.52416 78.14984 278.3983 111.2166 727.3948 2123.934 2305.882 3106.756 2407.69 1694.927 1019.956 1239.272 2875.309 5220.95 7393.735 5824.008 5795.792 5993.781 4218.995 2697.976 1545.109 1610.496
16.41617 18.4528 35.36743 100.5326 78.61519 611.3613 207.4734 21.85965 15.1581 24.3386 20.10402 16.84069 20.96405 19.80043 19.75119 25.43642 32.319 36.2023 74.81012 111.2433 209.5059 88.05674 43.01825 32.58796 24.6313 29.20317 31.81305 133.7363 188.9431 77.01988 39.94805 17.9268 16.25683 21.30219 159.1269 105.4397 77.89073 356.7705 1067.039 647.409 116.6013 43.94463 51.06712 47.39518 45.99168 72.1754 68.42963 35.01878 36.36834 61.75615 224.2561 302.7958 396.7795 361.4214 289.112 483.6369 442.9551 324.5407 837.9163 2303.631 3188.366 3046.544 1405.91 2921.318 2837.314 2812.557 2026.401 784.6426 470.9667
21.39609 18.64741 20.98812 28.94481 24.25629 118.2126 82.61338 24.27495 29.205 25.68857 23.99833 30.00107 34.18418 18.61028 13.11728 23.59549 32.23043 22.86719 11.49251 29.12764 25.09863 31.94296 30.56307 15.13968 18.92365 17.88017 13.59504 16.06368 20.69391 20.90711 28.9459 83.84242 32.19601 12.93659 36.19865 23.47002 41.77986 83.62985 121.8086 86.48239 68.35069 70.64809 62.74038 67.15406 43.24727 30.58551 31.71679 37.68076 62.18549 390.0234 334.1135 124.532 160.216 97.49342 159.3906 425.2553 861.1628 1462.796 2733.487 1042.6 946.0483 2925.986 4440.64 3110.433 2194.807 2188.98 2589.459 793.7505 607.2939
28.14237 25.54952 18.98894 28.12638 19.43661 17.32203 22.75179 37.98499 38.72194 43.02563 55.99537 15.13598 6.470012 14.05488 23.21889 13.44066 18.45087 44.87995 21.73068 26.44051 21.57112 41.89741 40.89334 17.89284 19.12581 10.87761 14.08751 19.11626 17.81499 18.19356 10.61898 10.54224 14.7611 20.60154 20.84347 20.13825 39.44835 49.13342 37.99815 31.75341 44.04271 85.07076 233.6342 122.63 59.94796 52.59232 56.90425 50.32124 248.5456 543.7578 555.1096 159.6134 55.42826 71.84097 106.8603 330.4937 317.9112 162.968 329.6762 520.7515 1253.033 3151.292 3445.54 3282.675 3264.437 622.5632 428.2383 1061.837 1012.924
20.41903 13.75535 21.62779 21.67446 9.202599 7.458781 16.20709 25.0802 30.19651 93.90171 110.7485 27.98909 14.16872 16.60937 28.73599 17.61781 14.00689 17.42388 27.06458 21.21202 11.78288 52.64594 38.80567 14.35487 12.8535 11.56287 18.41966 23.16768 18.72449 18.00019 33.9927 19.24962 18.39169 18.9118 12.78388 117.9161 39.61485 33.31142 28.47994 29.52403 30.53858 37.63998 130.8917 220.8298 192.0189 130.6749 366.2383 71.87995 55.26591 76.44846 37.84536 40.29884 128.4935 71.39153 124.8988 194.0797 200.5942 199.3502 241.2138 955.9686 1347.269 1391.008 693.3914 1035.674 2304.51 2708.288 632.5222 1193.484 608.6633
18.95361 31.80105 43.44886 15.63291 9.275249 13.0098 16.80139 11.4662 17.60914 32.46555 39.21944 24.82288 19.4769 20.86067 29.01682 27.10243 27.66423 37.68733 24.08962 23.37384 16.82008 35.81347 30.95015 15.78868 12.22097 15.0476 11.20392 17.70736 34.04499 49.16643 50.48982 42.50127 22.60202 17.2596 15.69418 80.86851 22.21534 27.23961 32.06771 38.32509 33.67255 35.71303 71.22068 186.3583 160.0587 81.86379 202.0928 40.29717 49.68673 46.83201 59.22545 105.2219 353.9978 150.5449 134.9638 118.8365 208.3209 507.4345 474.3073 556.3826 389.2191 482.1173 220.6388 197.7619 959.0067 541.7863 468.5558 737.1447 993.1357
17.54599 18.02773 20.65744 19.31577 19.15165 12.86855 10.6877 27.43433 43.56305 33.95634 22.61786 24.84784 11.46751 20.23011 84.66814 35.18336 26.34349 32.67513 57.79325 312.4665 34.54186 19.34182 20.43427 37.44497 36.95306 19.38478 15.88113 18.83044 19.84456 43.22518 53.35942 54.97289 24.2298 23.46798 21.18461 29.2776 28.13651 24.90177 36.00717 29.71424 28.72545 32.63106 96.3759 107.7467 70.11179 77.92672 193.9619 77.85352 61.64943 56.92018 96.68874 55.80153 76.0302 224.5757 229.0207 76.81487 100.7502 87.77849 162.1548 205.7884 343.4321 319.1075 416.5668 407.8573 147.4584 99.63134 491.1154 429.4035 973.9203
32.01563 32.31467 26.791 23.48737 34.37611 43.63497 36.22147 64.57532 84.61937 41.97171 40.34631 34.20141 15.21254 17.87639 28.14475 26.52106 14.99141 18.55239 33.2501 26.61273 27.53538 45.74679 30.93054 16.38101 27.45344 19.49875 15.52159 22.98534 25.47148 42.70625 273.9229 48.05053 21.89051 27.01051 37.74226 61.04585 62.08088 58.60953 52.05379 59.5728 474.4708 631.8133 303.1784 102.4472 46.43514 25.66162 49.40315 75.44936 189.249 61.38263 29.48681 24.92684 45.37888 65.20127 53.05715 44.65446 63.00099 171.3562 271.1166 102.9946 172.3503 182.7726 288.9748 185.6114 97.94684 111.2757 146.4429 179.6869 100.1905
31.06104 47.44675 30.25783 20.60598 43.20815 59.75182 192.2296 864.2927 1433.376 111.9469 32.59123 26.34532 18.38929 14.58223 16.34789 13.95406 14.4526 15.2687 26.75561 25.74431 42.10755 16.53767 13.07943 23.69503 52.18198 30.13819 30.54351 31.80314 32.8978 25.65197 26.35213 21.06005 14.77561 27.56866 36.80304 93.79995 107.2038 61.37766 114.1721 103.6674 1145.142 1891.319 1525.838 189.5897 56.4161 37.22923 60.97771 53.05095 84.89037 64.7579 41.77417 24.10895 28.67593 35.784 36.99578 46.96384 281.0708 430.9054 257.1825 108.5382 32.43502 62.08803 100.985 175.9936 112.0073 75.82522 80.62337 73.19686 163.2195
17.1131 33.17654 39.79635 44.65873 45.2911 48.19671 75.001 209.9026 334.3725 67.09019 28.86114 31.1896 25.11672 14.42878 15.06325 14.16603 17.31868 19.64764 24.62689 74.09723 21.16669 18.81511 32.66394 27.18538 23.29061 22.05128 49.88855 27.24627 17.63642 17.14866 25.90354 12.3204 16.14372 19.18618 17.37647 14.67077 26.3182 50.6652 76.2485 61.62542 114.6428 206.5043 151.4171 47.00848 47.72115 41.97732 31.26285 23.37876 33.82126 41.65409 25.63667 31.09737 39.23346 36.85059 37.02195 85.86974 366.7667 140.9275 192.0355 98.24915 28.58159 37.56454 106.0626 111.0782 141.8293 123.6315 88.63779 67.5669 91.39993
17.96182 16.05611 21.74419 19.51295 23.43885 35.4319 49.55031 67.10423 53.39668 59.82309 30.5932 31.80337 24.47228 20.27345 305.6537 171.4274 19.50887 20.28123 35.92136 102.6862 18.74333 14.21781 33.39556 62.78729 64.03273 151.4511 66.57896 38.47128 22.80585 19.12842 19.32553 20.21393 14.53514 14.22393 13.82368 25.6738 38.69151 77.20374 48.14167 37.66169 54.58034 54.63525 52.08058 34.78576 27.34331 31.65714 28.15307 21.8484 24.22651 17.54323 22.20943 17.15663 15.04875 79.06746 83.12736 52.97557 99.06616 49.11559 25.93242 15.8678 16.12176 34.28693 45.05413 37.91871 52.9008 49.78093 46.78967 79.65608 92.09303
27.72916 17.92853 18.01202 20.57382 35.08133 36.19654 36.29725 54.83638 40.78429 22.12714 22.6355 19.41833 25.06408 22.33652 33.19932 42.41444 26.84612 33.59736 26.27297 24.60959 18.25586 15.35772 25.8966 34.24214 240.8806 378.3283 145.29 34.3912 23.20493 42.54849 49.25125 36.21092 16.94672 26.60436 49.29673 86.52367 51.0336 18.50909 22.79313 21.99144 25.54011 37.41703 29.17184 26.93282 26.48761 16.69331 21.49828 18.93226 11.40627 13.76958 17.10449 18.40446 17.23987 93.29889 126.7658 111.4742 81.9551 30.01556 47.41193 46.12614 16.60322 16.25908 43.86987 186.2457 40.82157 21.49029 54.1375 133.6056 85.05129
22.11046 21.13265 17.6482 17.26421 15.50096 24.9114 198.8046 38.3588 32.86587 40.51416 35.82521 27.32168 35.04165 77.01874 41.24039 25.48877 49.98882 51.36782 22.70522 25.46908 40.50984 101.8449 73.47758 39.45401 30.93985 31.89077 28.8624 27.29445 19.61665 19.15459 17.0808 21.67994 18.62358 17.50111 22.6433 53.70744 33.56543 21.60755 25.1679 25.43787 26.30724 26.33354 23.77948 23.66394 74.52972 76.01915 38.05498 18.80124 16.12458 17.30966 15.58044 14.94777 17.54133 30.7828 33.57972 29.63485 27.21153 26.4301 39.11059 23.51195 13.87221 18.56083 33.3161 211.2888 57.69658 29.11325 20.61452 25.37243 24.60701
20.23672 17.59095 39.27271 21.47059 17.98804 23.94469 25.6988 21.68047 137.7177 73.6758 39.71669 25.72591 33.18991 57.00176 27.64613 13.25053 39.35208 35.99023 25.93223 37.21951 55.45336 39.39061 35.09051 32.50794 32.54574 27.95826 27.06823 25.74387 22.21819 17.92919 20.438 18.34329 26.68451 126.709 78.50547 28.48583 20.74556 20.08464 30.30629 27.07249 24.90578 20.89531 16.8514 12.6119 10.05972 23.10504 8.654967 12.49536 16.98343 15.38004 24.49777 41.66928 38.43763 40.36978 27.12628 28.19572 18.04862 16.85416 16.12528 22.18957 23.38948 23.42432 34.05902 40.03939 75.47916 83.87437 27.45588 15.43616 24.70767
12.80151 20.71044 110.9979 81.80112 24.19796 23.02088 27.79737 26.94501 37.67966 48.6689 47.46345 66.31203 32.96934 31.28401 26.26799 36.3665 99.79574 91.27821 25.41482 37.67252 200.0935 443.0415 61.61377 42.66593 24.85376 15.52312 30.53422 46.67445 15.22524 13.34516 14.30822 15.56455 15.85557 88.74298 54.61782 31.49598 19.90866 19.0131 83.24752 137.3853 36.13988 13.06352 13.08441 25.43414 24.96106 10.88286 7.195801 8.929951 11.40984 13.46828 36.41719 79.604 118.3604 53.34444 33.19796 33.12437 29.07838 23.07963 39.10934 343.8347 348.926 31.51161 29.4155 36.76681 58.36325 77.43587 16.7149 15.94604 20.15909
24.1626 24.17439 42.07344 34.46441 25.0968 48.51298 38.28407 38.28422 48.59594 123.839 115.1845 91.7748 40.37914 38.82624 45.03033 46.68324 61.66961 43.72639 38.73106 41.2583 46.09693 96.81796 49.82599 32.28115 20.79715 13.82844 13.82842 13.28947 28.11806 31.87663 28.59015 27.98441 22.96968 26.33788 24.49812 21.90462 23.83442 26.83918 45.20121 56.64189 21.60214 13.38873 11.04566 11.44203 9.385576 19.24896 49.15561 16.38776 12.63842 16.73219 15.97206 16.35279 15.72947 15.35142 35.93702 33.9213 30.83459 20.64326 54.51034 95.53395 112.9595 35.38906 38.34741 27.82355 29.54443 48.93091 34.93683 15.86677 17.50263
